2
50   
  0.4086   
  1.4245   
  2.6265   
2
43.94   
  1264.99   
2
43.88   
  1416.20   
  1372.32   
2
0.1922   
  6.1543   
2
50   
2
45   
  0.5453   
  1.4367   
  2.0060   
2
22.03   
  1271.19   
2
21.95   
  1402.52   
  1380.57   
2
0.0951   
  6.0523   
2
45   
2
40   
  0.7174   
  1.4493   
  1.5524   
2
0.10   
  1277.20   
  0.00   
  1388.56   
  1388.56   
  0.0000   
  5.9557   
2
40   
2
36   
  0.8850   
  1.4597   
  1.2757   
  17.47   
  1281.87   
  17.60   
  1377.17   
  1394.77   
  0.0747   
  5.8819   
2
36   
2
32   
  1.0832   
  1.4703   
  1.0561   
  35.09   
  1286.41   
  35.25   
  1365.55   
  1400.81   
  0.1484   
  5.8111   
2
32   
2
30   
  1.1950   
  1.4757   
  0.9634   
  43.93   
  1288.63   
  44.10   
  1359.65   
  1403.75   
  0.1849   
  5.7767   
2
30   
2
28   
  1.3159   
  1.4812   
  0.8803   
  52.78   
  1290.82   
  52.97   
  1353.68   
  1406.66   
  0.2212   
  5.7430   
2
28   
2
26   
  1.4465   
  1.4867   
  0.8056   
  61.65   
  1292.97   
  61.86   
  1347.65   
  1409.51   
  0.2572   
  5.7100   
2
26   
2
22   
  1.7390   
  1.4980   
  0.6780   
  79.46   
  1297.18   
  79.72   
  1335.36   
  1415.08   
  0.3287   
  5.6457   
2
22   
2
20   
  1.9019   
  1.5038   
  0.6233   
  88.40   
  1299.23   
  88.68   
  1329.10   
  1417.79   
  0.3642   
  5.6144   
2
20   
2
18   
  2.0769   
  1.5096   
  0.5739   
  97.36   
  1301.25   
  97.68   
  1322.77   
  1420.45   
  0.3994   
  5.5837   
2
18   
2
16   
  2.2644   
  1.5155   
  0.5291   
  106.36   
  1303.23   
  106.70   
  1316.35   
  1423.05   
  0.4346   
  5.5536   
2
16   
2
14   
  2.4652   
  1.5215   
  0.4885   
  115.37   
  1305.17   
  115.75   
  1309.86   
  1425.61   
  0.4695   
  5.5239   
2
14   
2
12   
  2.6798   
  1.5276   
  0.4516   
  124.42   
  1307.08   
  124.83   
  1303.28   
  1428.11   
  0.5043   
  5.4948   
2
12   
2
10   
  2.9089   
  1.5338   
  0.4180   
  133.50   
  1308.95   
  133.94   
  1296.61   
  1430.55   
  0.5389   
  5.4662   
2
10   
2
8   
  3.1532   
  1.5400   
  0.3874   
  142.60   
  1310.78   
  143.09   
  1289.86   
  1432.95   
  0.5734   
  5.4380   
2
8   
2
6   
  3.4134   
  1.5464   
  0.3595   
  151.74   
  1312.57   
  152.26   
  1283.02   
  1435.28   
  0.6077   
  5.4103   
2
6   
2
4   
  3.6901   
  1.5528   
  0.3340   
  160.88   
  1314.32   
  161.46   
  1276.10   
  1437.56   
  0.6418   
  5.3831   
2
4   
2
2   
  3.9842   
  1.5594   
  0.3106   
  170.07   
  1316.04   
  170.69   
  1269.08   
  1439.78   
  0.6759   
  5.3562   
2
2   
 0   
  4.2962   
  1.5660   
  0.2892   
  179.29   
  1317.71   
  179.96   
  1261.97   
  1441.94   
  0.7097   
  5.3298   
  0   
2   
  4.6270   
  1.5727   
  0.2695   
  188.53   
  1319.34   
  189.26   
  1254.77   
  1444.03   
  0.7435   
  5.3038   
  2   
4   
  4.9773   
  1.5796   
  0.2514   
  197.80   
  1320.92   
  198.59   
  1247.48   
  1446.07   
  0.7770   
  5.2781   
  4   
6   
  5.3479   
  1.5866   
  0.2348   
  207.10   
  1322.47   
  207.95   
  1240.09   
  1448.04   
  0.8105   
  5.2529   
  6   
8   
  5.7395   
  1.5936   
  0.2195   
  216.42   
  1323.96   
  217.34   
  1232.61   
  1449.94   
  0.8438   
  5.2279   
  8   
10   
  6.1529   
  1.6008   
  0.2054   
  225.77   
  1325.42   
  226.75   
  1225.03   
  1451.78   
  0.8769   
  5.2033   
  10   
12   
  6.5890   
  1.6081   
  0.1923   
  235.14   
  1326.82   
  236.20   
  1217.35   
  1453.55   
  0.9099   
  5.1791   
  12   
16   
  7.5324   
  1.6231   
  0.1691   
  253.95   
  1329.48   
  255.18   
  1201.70   
  1456.87   
  0.9755   
  5.1314   
  16   
20   
  8.5762   
  1.6386   
  0.1492   
  272.86   
  1331.94   
  274.26   
  1185.64   
  1459.90   
  1.0404   
  5.0849   
  20   
24   
  9.7274   
  1.6547   
  0.1320   
  291.84   
  1334.19   
  293.45   
  1169.16   
  1462.61   
  1.1048   
  5.0394   
  24   
28   
  10.993   
  1.6714   
  0.1172   
  310.92   
  1336.20   
  312.75   
  1152.24   
  1465.00   
  1.1686   
  4.9948   
  28   
32   
  12.380   
  1.6887   
  0.1043   
  330.07   
  1337.97   
  332.17   
  1134.87   
  1467.03   
  1.2319   
  4.9509   
  32   
36   
  13.896   
  1.7068   
  0.0930   
  349.32   
  1339.47   
  351.69   
  1117.00   
  1468.70   
  1.2946   
  4.9078   
  36   
40   
  15.549   
  1.7256   
  0.0831   
  368.67   
  1340.70   
  371.35   
  1098.62   
  1469.97   
  1.3569   
  4.8652   
  40   
45   
  17.819   
  1.7503   
  0.0725   
  393.01   
  1341.81   
  396.13   
  1074.84   
  1470.96   
  1.4341   
  4.8125   
  45   
50   
  20.331   
  1.7765   
  0.0634   
  417.56   
  1342.42   
  421.17   
  1050.09   
  1471.26   
  1.5109   
  4.7604   
  50      
