   Sat.   
  0.06445   
  1342.37   
  1471.26   
  4.7670     
  0
  0
  0
  0  
   60   
  0.06875   
  1372.05   
  1509.54   
  4.8838    
  0
  0
  0
  0     
   80   
  0.07596   
  1421.36   
  1573.27   
  5.0696    
  0
  0
  0
  0     
   100   
  0.08248   
  1465.89   
  1630.86   
  5.2283      
  0
  0
  0
  0   
   120   
  0.08861   
  1508.03   
  1685.24   
  5.3703       
  0
  0
  0
  0  
   140   
  0.09447   
  1549.03   
  1737.98   
  5.5012      
  0
  0
  0
  0   
   160   
  0.10016   
  1589.65   
  1789.97   
  5.6241      
  0
  0
  0
  0   
   180   
  0.10571   
  1630.32   
  1841.74   
  5.7409       
  0
  0
  0
  0  
   200   
  0.11116   
  1671.33   
  1893.64   
  5.8530       
  0
  0
  0
  0  
   220   
  0.11652   
  1712.82   
  1945.87   
  5.9611       
  0
  0
  0
  0  
   240   
  0.12182   
  1754.90   
  1998.54   
  6.0658       
  0
  0
  0
  0  
   260   
  0.12706   
  1797.63   
  2051.74   
  6.1675      
  0
  0
  0
  0   
   280   
  0.13224   
  1841.03   
  2105.50   
  6.2665   
  0
  0
  0
  0           
