   Sat.   
  0.48213   
  1305.49   
  1426.03   
  5.5190   
  0.40607   
  1309.65   
  1431.47   
  5.4554   
2
10   
  0.49051   
  1312.37   
  1435.00   
  5.5534     
  0
  0
  0
  0  
2
5   
  0.50180   
  1321.65   
  1447.10   
  5.5989   
  0.41428   
  1317.80   
  1442.08   
  5.4953   
0   
  0.51293   
  1330.83   
  1459.06   
  5.6431   
  0.42382   
  1327.28   
  1454.43   
  5.5409   
5   
  0.52393   
  1339.91   
  1470.89   
  5.6860   
  0.43323   
  1336.64   
  1466.61   
  5.5851   
10   
  0.53482   
  1348.91   
  1482.61   
  5.7278   
  0.44251   
  1345.89   
  1478.65   
  5.6280   
15   
  0.54560   
  1357.84   
  1494.25   
  5.7685   
  0.45169   
  1355.05   
  1490.56   
  5.6697   
20   
  0.55630   
  1366.72   
  1505.80   
  5.8083   
  0.46078   
  1364.13   
  1502.36   
  5.7103   
25   
  0.56691   
  1375.55   
  1517.28   
  5.8471   
  0.46978   
  1373.14   
  1514.07   
  5.7499   
30   
  0.57745   
  1384.34   
  1528.70   
  5.8851   
  0.47870   
  1382.09   
  1525.70   
  5.7886   
35   
  0.58793   
  1393.10   
  1540.08   
  5.9223   
  0.48756   
  1391.00   
  1537.26   
  5.8264   
40   
  0.59835   
  1401.84   
  1551.42   
  5.9589   
  0.49637   
  1399.86   
  1548.77   
  5.8635   
45   
  0.60872   
  1410.56   
  1562.74   
  5.9947   
  0.50512   
  1408.70   
  1560.24   
  5.8998   
