   Sat.   
  0.27671   
  1318.73   
  1443.25   
  5.3135   
  0.25034   
  1321.02   
  1446.19   
  5.2765   
10   
  0.28846   
  1336.48   
  1466.29   
  5.3962   
  0.25757   
  1333.22   
  1462.00   
  5.3330   
   20   
  0.30142   
  1356.09   
  1491.72   
  5.4845   
  0.26949   
  1353.32   
  1488.06   
  5.4234   
30   
  0.31401   
  1375.15   
  1516.45   
  5.5674   
  0.28103   
  1372.76   
  1513.28   
  5.5080   
40   
  0.32631   
  1393.80   
  1540.64   
  5.6460   
  0.29227   
  1391.74   
  1537.87   
  5.5878   
60   
  0.35029   
  1430.37   
  1588.00   
  5.7926   
  0.31410   
  1428.76   
  1585.81   
  5.7362   
80   
  0.37369   
  1466.47   
  1634.63   
  5.9285   
  0.33535   
  1465.16   
  1632.84   
  5.8733   
100   
  0.39671   
  1502.55   
  1681.07   
  6.0564   
  0.35621   
  1501.46   
  1679.56   
  6.0020   
120   
  0.41947   
  1538.91   
  1727.67   
  6.1781   
  0.37681   
  1537.97   
  1726.37   
  6.1242   
140   
  0.44205   
  1575.73   
  1774.65   
  6.2946   
  0.39722   
  1574.90   
  1773.51   
  6.2412   
160   
  0.46448   
  1613.13   
  1822.15   
  6.4069   
  0.41749   
  1612.40   
  1821.14   
  6.3537   
180   
  0.48681   
  1651.20   
  1870.26   
  6.5155   
  0.43765   
  1650.54   
  1869.36   
  6.4626   
200   
  0.50905   
  1689.97   
  1919.04   
  6.6208   
  0.45771   
  1689.38   
  1918.24   
  6.5681   
