   Sat.   
  2.6795   
  1264.54   
  1371.72   
  6.1618   
  1.8345   
  1273.27   
  1383.34   
  6.0186   
2
50   
  2.6841   
  1265.11   
  1372.48   
  6.1652    
  0
  0
  0
  0   
2
45   
  2.7481   
  1273.05   
  1382.98   
  6.2118   
  0
  0
  0
  0    
2
40   
  2.8118   
  1281.01   
  1393.48   
  6.2573   
  1.8630   
  1278.62   
  1390.40   
  6.0490   
2
35   
  2.8753   
  1288.96   
  1403.98   
  6.3018   
  1.9061   
  1286.75   
  1401.12   
  6.0946   
2
30   
  2.9385   
  1296.93   
  1414.47   
  6.3455   
  1.9491   
  1294.88   
  1411.83   
  6.1390   
2
25   
  3.0015   
  1304.90   
  1424.96   
  6.3882   
  1.9918   
  1303.01   
  1422.52   
  6.1826   
2
20   
  3.0644   
  1312.88   
  1435.46   
  6.4300   
  2.0343   
  1311.13   
  1433.19   
  6.2251   
2
15   
  3.1271   
  1320.87   
  1445.95   
  6.4711   
  2.0766   
  1319.25   
  1443.85   
  6.2668   
2
10   
  3.1896   
  1328.87   
  1456.45   
  6.5114   
  2.1188   
  1327.37   
  1454.50   
  6.3077   
2
5   
  3.2520   
  1336.88   
  1466.95   
  6.5509   
  2.1609   
  1335.49   
  1465.14   
  6.3478   
   0   
  3.3142   
  1344.90   
  1477.47   
  6.5898   
  2.2028   
  1343.61   
  1475.78   
  6.3871   
   5   
  3.3764   
  1352.95   
  1488.00   
  6.6280   
  2.2446   
  1351.75   
  1486.43   
  6.4257   
