   Sat.   
  0.7787   
  1293.80   
  1410.61   
  5.6973   
  0.59460   
  1300.39   
  1419.31   
  5.5969   
2
25   
  0.7795   
  1294.20   
  1411.13   
  5.6994   
  0
  0
  0
  0
2
20   
  0.7978   
  1303.00   
  1422.67   
  5.7454   
  0
  0
  0
  0
2
15   
  0.8158   
  1311.75   
  1434.12   
  5.7902   
  0.60542   
  1307.43   
  1428.51   
  5.6328   
2
10   
  0.8336   
  1320.44   
  1445.49   
  5.8338   
  0.61926   
  1316.46   
  1440.31   
  5.6781   
2
5   
  0.8514   
  1329.08   
  1456.79   
  5.8764   
  0.63294   
  1325.41   
  1452.00   
  5.7221   
   0   
  0.8689   
  1337.68   
  1468.02   
  5.9179   
  0.64648   
  1334.29   
  1463.59   
  5.7649   
   5   
  0.8864   
  1346.25   
  1479.20   
  5.9585   
  0.65989   
  1343.11   
  1475.09   
  5.8066   
   10   
  0.9037   
  1354.78   
  1490.34   
  5.9981   
  0.67320   
  1351.87   
  1486.51   
  5.8473   
   15   
  0.9210   
  1363.29   
  1501.44   
  6.0370   
  0.68640   
  1360.59   
  1497.87   
  5.8871   
   20   
  0.9382   
  1371.79   
  1512.51   
  6.0751   
  0.69952   
  1369.28   
  1509.18   
  5.9260   
   25   
  0.9553   
  1380.28   
  1523.56   
  6.1125   
  0.71256   
  1377.93   
  1520.44   
  5.9641   
   30   
  0.9723   
  1388.76   
  1534.60   
  6.1492   
  0.72553   
  1386.56   
  1531.67   
  6.0014   
