   Sat.   
  0.22861   
  1323.06   
  1448.80   
  5.2430   
  0.21038   
  1324.89   
  1451.12   
  5.2122   
   10   
  0.23227   
  1329.88   
  1457.63   
  5.2743   
  0.21115   
  1326.47   
  1453.16   
  5.2195   
   20   
  0.24335   
  1350.50   
  1484.34   
  5.3671   
  0.22155   
  1347.62   
  1480.55   
  5.3145   
   30   
  0.25403   
  1370.35   
  1510.07   
  5.4534   
  0.23152   
  1367.90   
  1506.81   
  5.4026   
   40   
  0.26441   
  1389.64   
  1535.07   
  5.5345   
  0.24118   
  1387.52   
  1532.23   
  5.4851   
   50   
  0.27454   
  1408.53   
  1559.53   
  5.6114   
  0.25059   
  1406.67   
  1557.03   
  5.5631   
   60   
  0.28449   
  1427.13   
  1583.60   
  5.6848   
  0.25981   
  1425.49   
  1581.38   
  5.6373   
   80   
  0.30398   
  1463.85   
  1631.04   
  5.8230   
  0.27783   
  1462.52   
  1629.22   
  5.7768   
   100   
  0.32307   
  1500.36   
  1678.05   
  5.9525   
  0.29546   
  1499.25   
  1676.52   
  5.9071   
   120   
  0.34190   
  1537.02   
  1725.07   
  6.0753   
  0.31281   
  1536.07   
  1723.76   
  6.0304   
   140   
  0.36054   
  1574.07   
  1772.37   
  6.1926   
  0.32997   
  1573.24   
  1771.22   
  6.1481   
   160   
  0.37903   
  1611.66   
  1820.13   
  6.3055   
  0.34699   
  1610.92   
  1819.12   
  6.2613   
   180   
  0.39742   
  1649.88   
  1868.46   
  6.4146   
  0.36390   
  1649.22   
  1867.56   
  6.3707   
   200   
  0.41571   
  1688.79   
  1917.43   
  6.5203   
  0.38071   
  1688.20   
  1916.63   
  6.4766   
