   Sat.   
  0.10751   
  1337.52   
  1466.53   
  4.9625   
  0.09231   
  1339.56   
  1468.79   
  4.9050   
   40   
  0.11287   
  1359.73   
  1495.18   
  5.0553   
  0.09432   
  1349.29   
  1481.33   
  4.9453   
   60   
  0.12378   
  1404.54   
  1553.07   
  5.2347   
  0.10423   
  1396.97   
  1542.89   
  5.1360   
   80   
  0.13387   
  1445.91   
  1606.56   
  5.3906   
  0.11324   
  1440.06   
  1598.59   
  5.2984   
   100   
  0.14347   
  1485.55   
  1657.71   
  5.5315   
  0.12172   
  1480.79   
  1651.20   
  5.4433   
   120   
  0.15275   
  1524.41   
  1707.71   
  5.6620   
  0.12986   
  1520.41   
  1702.21   
  5.5765   
   140   
  0.16181   
  1563.09   
  1757.26   
  5.7850   
  0.13777   
  1559.63   
  1752.52   
  5.7013   
   160   
  0.17072   
  1601.95   
  1806.81   
  5.9021   
  0.14552   
  1598.92   
  1802.65   
  5.8198   
   180   
  0.17950   
  1641.23   
  1856.63   
  6.0145   
  0.15315   
  1638.53   
  1852.94   
  5.9333   
   200   
  0.18819   
  1681.05   
  1906.87   
  6.1230   
  0.16068   
  1678.64   
  1903.59   
  6.0427   
   220   
  0.19680   
  1721.50   
  1957.66   
  6.2282   
  0.16813   
  1719.35   
  1954.73   
  6.1485   
   240   
  0.20534   
  1762.63   
  2009.04   
  6.3303   
  0.17551   
  1760.72   
  2006.43   
  6.2513   
   260   
  0.21382   
  1804.48   
  2061.06   
  6.4297   
  0.18283   
  1802.78   
  2058.75   
  6.3513   
   280   
  0.22225   
  1847.04   
  2113.74   
  6.5267   
  0.19010   
  1845.55   
  2111.69   
  6.4488   
