   Sat.   
  0.14239   
  1332.82   
  1460.97   
  5.0675   
  0.12852   
  1334.66   
  1463.18   
  5.0294   
   30   
  0.14872   
  1352.36   
  1486.20   
  5.1520   
  0.13206   
  1346.82   
  1478.88   
  5.0816   
   40   
  0.15582   
  1374.21   
  1514.45   
  5.2436   
  0.13868   
  1369.52   
  1508.20   
  5.1768   
   50   
  0.16263   
  1395.11   
  1541.47   
  5.3286   
  0.14499   
  1391.07   
  1536.06   
  5.2644   
   60   
  0.16922   
  1415.32   
  1567.61   
  5.4083   
  0.15106   
  1411.79   
  1562.86   
  5.3460   
   80   
  0.18191   
  1454.39   
  1618.11   
  5.5555   
  0.16270   
  1451.60   
  1614.31   
  5.4960   
   100   
  0.19416   
  1492.50   
  1667.24   
  5.6908   
  0.17389   
  1490.20   
  1664.10   
  5.6332   
   120   
  0.20612   
  1530.30   
  1715.81   
  5.8176   
  0.18478   
  1528.35   
  1713.13   
  5.7612   
   140   
  0.21788   
  1568.20   
  1764.29   
  5.9379   
  0.19545   
  1566.51   
  1761.96   
  5.8823   
   160   
  0.22948   
  1606.46   
  1813.00   
  6.0530   
  0.20598   
  1604.97   
  1810.94   
  5.9981   
   180   
  0.24097   
  1645.24   
  1862.12   
  6.1639   
  0.21638   
  1643.91   
  1860.29   
  6.1095   
   200   
  0.25237   
  1684.64   
  1911.77   
  6.2711   
  0.22670   
  1683.44   
  1910.14   
  6.2171   
