   Sat.   
  0.18148   
  1328.04   
  1455.07   
  5.1576   
  0.15958   
  1330.64   
  1458.30   
  5.1099   
   20   
  0.18721   
  1341.72   
  1472.77   
  5.2186   
  0.16138   
  1335.59   
  1464.70   
  5.1318   
   30   
  0.19610   
  1362.88   
  1500.15   
  5.3104   
  0.16948   
  1357.71   
  1493.29   
  5.2277   
   40   
  0.20464   
  1383.20   
  1526.45   
  5.3958   
  0.17720   
  1378.77   
  1520.53   
  5.3161   
   50   
  0.21293   
  1402.90   
  1551.95   
  5.4760   
  0.18465   
  1399.05   
  1546.77   
  5.3986   
   60   
  0.22101   
  1422.16   
  1576.87   
  5.5519   
  0.19189   
  1418.77   
  1572.28   
  5.4763   
   80   
  0.23674   
  1459.85   
  1625.56   
  5.6939   
  0.20590   
  1457.14   
  1621.86   
  5.6209   
   100   
  0.25205   
  1497.02   
  1673.46   
  5.8258   
  0.21949   
  1494.77   
  1670.37   
  5.7545   
   120   
  0.26709   
  1534.16   
  1721.12   
  5.9502   
  0.23280   
  1532.24   
  1718.48   
  5.8801   
   140   
  0.28193   
  1571.57   
  1768.92   
  6.0688   
  0.24590   
  1569.89   
  1766.61   
  5.9995   
   160   
  0.29663   
  1609.44   
  1817.08   
  6.1826   
  0.25886   
  1607.96   
  1815.04   
  6.1140   
   180   
  0.31121   
  1647.90   
  1865.75   
  6.2925   
  0.27170   
  1646.57   
  1863.94   
  6.2243   
   200   
  0.32571   
  1687.02   
  1915.01   
  6.3988   
  0.28445   
  1685.83   
  1913.39   
  6.3311   
