   Sat.   
  0.35108   
  1313.14   
  1436.01   
  5.4016   
  0.30942   
  1316.12   
  1439.89   
  5.3548   
0   
  0.36011   
  1323.66   
  1449.70   
  5.4522   
  0.31227   
  1319.95   
  1444.86   
  5.3731   
10   
  0.37654   
  1342.82   
  1474.61   
  5.5417   
  0.32701   
  1339.68   
  1470.49   
  5.4652   
20   
  0.39251   
  1361.49   
  1498.87   
  5.6259   
  0.34129   
  1358.81   
  1495.33   
  5.5515   
 30   
  0.40814   
  1379.81   
  1522.66   
  5.7057   
  0.35520   
  1377.49   
  1519.57   
  5.6328   
40   
  0.42350   
  1397.87   
  1546.09   
  5.7818   
  0.36884   
  1395.85   
  1543.38   
  5.7101   
60   
  0.45363   
  1433.55   
  1592.32   
  5.9249   
  0.39550   
  1431.97   
  1590.17   
  5.8549   
80   
  0.48320   
  1469.06   
  1638.18   
  6.0586   
  0.42160   
  1467.77   
  1636.41   
  5.9897   
100   
  0.51240   
  1504.73   
  1684.07   
  6.1850   
  0.44733   
  1503.64   
  1682.58   
  6.1169   
120   
  0.54136   
  1540.79   
  1730.26   
  6.3056   
  0.47280   
  1539.85   
  1728.97   
  6.2380   
140   
  0.57013   
  1577.38   
  1776.92   
  6.4213   
  0.49808   
  1576.55   
  1775.79   
  6.3541   
160   
  0.59876   
  1614.60   
  1824.16   
  6.5330   
  0.52323   
  1613.86   
  1823.16   
  6.4661   
180   
  0.62728   
  1652.51   
  1872.06   
  6.6411   
  0.54827   
  1651.85   
  1871.16   
  6.5744   
200   
  0.65572   
  1691.15   
  1920.65   
  6.7460   
  0.57322   
  1690.56   
  1919.85   
  6.6796   
