       0.40   
2
50.36   
  1.4236   
  2.6795   
2
45.52   
  1264.54   
2
45.46   
  1417.18   
  1371.72   
2
0.1992   
  6.1618   
  0.40   
      0.50   
2
46.53   
  1.4330   
  2.1752   
2
28.73   
  1269.31   
2
28.66   
  1406.73   
  1378.07   
2
0.1245   
  6.0829   
  0.50   
0.60   
2
43.28   
  1.4410   
  1.8345   
2
14.51   
  1273.27   
2
14.42   
  1397.76   
  1383.34   
2
0.0622   
  6.0186   
  0.60   
0.70   
2
40.46   
  1.4482   
  1.5884   
2
2.11   
  1276.66   
2
2.01   
  1389.85   
  1387.84   
2
0.0086   
  5.9643   
  0.70   
0.80   
2
37.94   
  1.4546   
  1.4020   
  8.93   
  1279.61   
  9.04   
  1382.73   
  1391.78   
  0.0386   
  5.9174   
  0.80   
0.90   
2
35.67   
  1.4605   
  1.2559   
  18.91   
  1282.24   
  19.04   
  1376.23   
  1395.27   
  0.0808   
  5.8760   
0.90   
1.00   
2
33.60   
  1.4660   
  1.1381   
  28.03   
  1284.61   
  28.18   
  1370.23   
  1398.41   
  0.1191   
  5.8391   
1.00   
1.25   
2
29.07   
  1.4782   
  0.9237   
  48.03   
  1289.65   
  48.22   
  1356.89   
  1405.11   
  0.2018   
  5.7610   
  1.25   
1.50   
2
25.22   
  1.4889   
  0.7787   
  65.10   
  1293.80   
  65.32   
  1345.28   
  1410.61   
  0.2712   
  5.6973   
  1.50   
1.75   
2
21.86   
  1.4984   
  0.6740   
  80.08   
  1297.33   
  80.35   
  1334.92   
  1415.27   
  0.3312   
  5.6435   
  1.75   
2.00   
2
18.86   
  1.5071   
  0.5946   
  93.50   
  1300.39   
  93.80   
  1325.51   
  1419.31   
  0.3843   
  5.5969   
2.00   
2.25   
2
16.15   
  1.5151   
  0.5323   
  105.68   
  1303.08   
  106.03   
  1316.83   
  1422.86   
  0.4319   
  5.5558   
  2.25   
2.50   
2
13.67   
  1.5225   
  0.4821   
  116.88   
  1305.49   
  117.26   
  1308.76   
  1426.03   
  0.4753   
  5.5190   
  2.50   
2.75   
2
11.37   
  1.5295   
  0.4408   
  127.26   
  1307.67   
  127.68   
  1301.20   
  1428.88   
  0.5152   
  5.4858   
  2.75   
3.00   
2
9.24   
  1.5361   
  0.4061   
  136.96   
  1309.65   
  137.42   
  1294.05   
  1431.47   
  0.5520   
  5.4554   
  3.00   
3.25   
2
7.24   
  1.5424   
  0.3765   
  146.06   
  1311.46   
  146.57   
  1287.27   
  1433.84   
  0.5864   
  5.4275   
  3.25   
3.50   
2
5.36   
  1.5484   
  0.3511   
  154.66   
  1313.14   
  155.20   
  1280.81   
  1436.01   
  0.6186   
  5.4016   
  3.50   
3.75   
2
3.58   
  1.5542   
  0.3289   
  162.80   
  1314.68   
  163.38   
  1274.64   
  1438.03   
  0.6489   
  5.3774   
  3.75   
4.00   
2
1.90   
  1.5597   
  0.3094   
  170.55   
  1316.12   
  171.18   
  1268.71   
  1439.89   
  0.6776   
  5.3548   
4.00   
4.25   
2
0.29   
  1.5650   
  0.2921   
  177.96   
  1317.47   
  178.62   
  1263.01   
  1441.63   
  0.7048   
  5.3336   
  4.25   
4.50   
  1.25   
  1.5702   
  0.2767   
  185.04   
  1318.73   
  185.75   
  1257.50   
  1443.25   
  0.7308   
  5.3135   
  4.50   
4.75   
  2.72   
  1.5752   
  0.2629   
  191.84   
  1319.91   
  192.59   
  1252.18   
  1444.77   
  0.7555   
  5.2946   
  4.75   
5.00   
  4.13   
  1.5800   
  0.2503   
  198.39   
  1321.02   
  199.18   
  1247.02   
  1446.19   
  0.7791   
  5.2765   
  5.00   
5.25   
  5.48   
  1.5847   
  0.2390   
  204.69   
  1322.07   
  205.52   
  1242.01   
  1447.53   
  0.8018   
  5.2594   
  5.25   
5.50   
  6.79   
  1.5893   
  0.2286   
  210.78   
  1323.06   
  211.65   
  1237.15   
  1448.80   
  0.8236   
  5.2430   
  5.50   
5.75   
  8.05   
  1.5938   
  0.2191   
  216.66   
  1324.00   
  217.58   
  1232.41   
  1449.99   
  0.8446   
  5.2273   
  5.75   
6.00   
  9.27   
  1.5982   
  0.2104   
  222.37   
  1324.89   
  223.32   
  1227.79   
  1451.12   
  0.8649   
  5.2122   
  6.00   
7.00   
  13.79   
  1.6148   
  0.1815   
  243.56   
  1328.04   
  244.69   
  1210.38   
  1455.07   
  0.9394   
  5.1576   
  7.00   
8.00   
  17.84   
  1.6302   
  0.1596   
  262.64   
  1330.64   
  263.95   
  1194.36   
  1458.30   
  1.0054   
  5.1099   
  8.00   
9.00   
  21.52   
  1.6446   
  0.1424   
  280.05   
  1332.82   
  281.53   
  1179.44   
  1460.97   
  1.0649   
  5.0675   
  9.00   
10.00   
  24.89   
  1.6584   
  0.1285   
  296.10   
  1334.66   
  297.76   
  1165.42   
  1463.18   
  1.1191   
  5.0294   
  10.00   
12.00   
  30.94   
  1.6841   
  0.1075   
  324.99   
  1337.52   
  327.01   
  1139.52   
  1466.53   
  1.2152   
  4.9625   
  12.00   
14.00   
  36.26   
  1.7080   
  0.0923   
  350.58   
  1339.56   
  352.97   
  1115.82   
  1468.79   
  1.2987   
  4.9050   
  14.00   
16.00   
  41.03   
  1.7306   
  0.0808   
  373.69   
  1340.97   
  376.46   
  1093.77   
  1470.23   
  1.3729   
  4.8542   
  16.00   
18.00   
  45.38   
  1.7522   
  0.0717   
  394.85   
  1341.88   
  398.00   
  1073.01   
  1471.01   
  1.4399   
  4.8086   
  18.00   
20.00   
  49.37   
  1.7731   
  0.0644   
  414.44   
  1342.37   
  417.99   
  1053.27   
  1471.26   
  1.5012   
  4.7670   
  20.00        
