   Sat.   
  1.4021   
  1279.61   
  1391.78   
  5.9174   
  1.1381   
  1284.61   
  1398.41   
  5.8391   
2
35   
  1.4215   
  1284.51   
  1398.23   
  5.9446       
  0
  0
  0
  0
2
30   
  1.4543   
  1292.81   
  1409.15   
  5.9900   
  1.1573   
  1290.71   
  1406.44   
  5.8723   
2
25   
  1.4868   
  1301.09   
  1420.04   
  6.0343   
  1.1838   
  1299.15   
  1417.53   
  5.9175   
2
20   
  1.5192   
  1309.36   
  1430.90   
  6.0777   
  1.2101   
  1307.57   
  1428.58   
  5.9616   
2
15   
  1.5514   
  1317.61   
  1441.72   
  6.1200   
  1.2362   
  1315.96   
  1439.58   
  6.0046   
2
10   
  1.5834   
  1325.85   
  1452.53   
  6.1615   
  1.2621   
  1324.33   
  1450.54   
  6.0467   
2
5   
  1.6153   
  1334.09   
  1463.31   
  6.2021   
  1.2880   
  1332.67   
  1461.47   
  6.0878   
   0   
  1.6471   
  1342.31   
  1474.08   
  6.2419   
  1.3136   
  1341.00   
  1472.37   
  6.1281   
   5   
  1.6788   
  1350.54   
  1484.84   
  6.2809   
  1.3392   
  1349.33   
  1483.25   
  6.1676   
   10   
  1.7103   
  1358.77   
  1495.60   
  6.3192   
  1.3647   
  1357.64   
  1494.11   
  6.2063   
   15   
  1.7418   
  1367.01   
  1506.35   
  6.3568   
  1.3900   
  1365.95   
  1504.96   
  6.2442   
   20   
  1.7732   
  1375.25   
  1517.10   
  6.3939   
  1.4153   
  1374.27   
  1515.80   
  6.2816   
