   Sat.   
  0.08079   
  1340.97   
  1470.23   
  4.8542   
  0.07174   
  1341.88   
  1471.01   
  4.8086   
   60   
  0.08951   
  1389.06   
  1532.28   
  5.0461   
  0.07801   
  1380.77   
  1521.19   
  4.9627   
   80   
  0.09774   
  1434.02   
  1590.40   
  5.2156   
  0.08565   
  1427.79   
  1581.97   
  5.1399   
   100   
  0.10539   
  1475.93   
  1644.56   
  5.3648   
  0.09267   
  1470.97   
  1637.78   
  5.2937   
   120   
  0.11268   
  1516.34   
  1696.64   
  5.5008   
  0.09931   
  1512.22   
  1690.98   
  5.4326   
   140   
  0.11974   
  1556.14   
  1747.72   
  5.6276   
  0.10570   
  1552.61   
  1742.88   
  5.5614   
   160   
  0.12663   
  1595.85   
  1798.45   
  5.7475   
  0.11192   
  1592.76   
  1794.23   
  5.6828   
   180   
  0.13339   
  1635.81   
  1849.23   
  5.8621   
  0.11801   
  1633.08   
  1845.50   
  5.7985   
   200   
  0.14005   
  1676.21   
  1900.29   
  5.9723   
  0.12400   
  1673.78   
  1896.98   
  5.9096   
   220   
  0.14663   
  1717.18   
  1951.79   
  6.0789   
  0.12991   
  1715.00   
  1948.83   
  6.0170   
   240   
  0.15314   
  1758.79   
  2003.81   
  6.1823   
  0.13574   
  1756.85   
  2001.18   
  6.1210   
   260   
  0.15959   
  1801.07   
  2056.42   
  6.2829   
  0.14152   
  1799.35   
  2054.08   
  6.2222   
   280   
  0.16599   
  1844.05   
  2109.64   
  6.3809   
  0.14724   
  1842.55   
  2107.58   
  6.3207   
