   Sat.   
  0.07680   
  432.2   
  478.3   
  1.737   
  0.06598   
  438.0   
  484.2   
  1.733   
10   
  0.07769   
  435.6   
  482.2   
  1.751       
  0
  0
  0
  0
20   
  0.08187   
  451.5   
  500.6   
  1.815   
  0.06847   
  448.8   
  496.7   
  1.776   
30   
  0.08588   
  467.7   
  519.2   
  1.877   
  0.07210   
  465.2   
  515.7   
  1.840   
40   
  0.08978   
  484.0   
  537.9   
  1.938   
  0.07558   
  481.9   
  534.8   
  1.901   
50   
  0.09357   
  500.7   
  556.8   
  1.997   
  0.07896   
  498.7   
  554.0   
  1.962   
60   
  0.09729   
  517.6   
  576.0   
  2.056   
  0.08225   
  515.9   
  573.5   
  2.021   
70   
  0.1009   
  535.0   
  595.5   
  2.113   
  0.08547   
  533.4   
  593.2   
  2.079   
80   
  0.1045   
  552.7   
  615.4   
  2.170   
  0.08863   
  551.2   
  613.2   
  2.137   
90   
  0.1081   
  570.7   
  635.6   
  2.227   
  0.09175   
  569.4   
  633.6   
  2.194   
100   
  0.1116   
  589.2   
  656.2   
  2.283   
  0.09482   
  587.9   
  654.3   
  2.250   
110   
  0.1151   
  608.0   
  677.1   
  2.338   
  0.09786   
  606.8   
  675.3   
  2.306   
120   
  0.1185   
  627.3   
  698.4   
  2.393   
  0.1009   
  626.2   
  696.8   
  2.361   
