   Sat.   
  0.01549   
  486.2   
  526.5   
  1.681   
  0.01263   
  488.2   
  526.0   
  1.664   
80   
  0.01742   
  511.0   
  556.3   
  1.767   
  0.01318   
  495.4   
  534.9   
  1.689   
90   
  0.01903   
  534.2   
  583.7   
  1.844   
  0.01506   
  522.8   
  568.0   
  1.782   
100   
  0.02045   
  556.4   
  609.6   
  1.914   
  0.01654   
  547.2   
  596.8   
  1.860   
   110   
  0.02174   
  578.3   
  634.8   
  1.981   
  0.01783   
  570.4   
  623.9   
  1.932   
120   
  0.02294   
  600.0   
  659.6   
  2.045   
  0.01899   
  593.0   
  650.0   
  1.999   
130   
  0.02408   
  621.6   
  684.2   
  2.106   
  0.02007   
  615.4   
  675.6   
  2.063   
      140   
  0.02516   
  643.4   
  708.8   
  2.167   
  0.02109   
  637.7   
  701.0   
  2.126   
150   
  0.02621   
  665.3   
  733.4   
  2.226   
  0.02206   
  660.1   
  726.3   
  2.186   
160   
  0.02723   
  687.4   
  758.2   
  2.283   
  0.02300   
  682.6   
  751.6   
  2.245   
170   
  0.02821   
  709.9   
  783.2   
  2.340   
  0.02390   
  705.4   
  777.1   
  2.303   
     180   
  0.02918   
  732.5   
  808.4   
  2.397   
  0.02478   
  728.3   
  802.6   
  2.360   
190   
  0.03012   
  755.5   
  833.8   
  2.452   
  0.02563   
  751.5   
  828.4   
  2.417   
