   Sat.   
  0.1137   
  418.0   
  463.5   
  1.751   
  0.09172   
  425.7   
  471.6   
  1.743   
0   
  0.1169   
  426.1   
  472.9   
  1.786       
  0
  0
  0
  0
10   
  0.1227   
  441.2   
  490.3   
  1.848   
  0.09577   
  438.4   
  486.3   
  1.796   
20   
  0.1283   
  456.6   
  507.9   
  1.909   
  0.1005   
  454.1   
  504.3   
  1.858   
30   
  0.1338   
  472.2   
  525.7   
  1.969   
  0.1051   
  470.0   
  522.5   
  1.919   
40   
  0.1392   
  488.1   
  543.8   
  2.027   
  0.1096   
  486.1   
  540.9   
  1.979   
50   
  0.1445   
  504.4   
  562.2   
  2.085   
  0.1140   
  502.5   
  559.5   
  2.038   
 60   
  0.1498   
  521.1   
  581.0   
  2.143   
  0.1183   
  519.4   
  578.5   
  2.095   
70   
  0.1550   
  538.1   
  600.1   
  2.199   
  0.1226   
  536.6   
  597.9   
  2.153   
80   
  0.1601   
  555.7   
  619.7   
  2.255   
  0.1268   
  554.1   
  617.5   
  2.209   
90   
  0.1652   
  573.5   
  639.6   
  2.311   
  0.1310   
  572.1   
  637.6   
  2.265   
100   
  0.1703   
  591.8   
  659.9   
  2.366   
  0.1351   
  590.5   
  658.0   
  2.321   
110   
  0.1754   
  610.4   
  680.6   
  2.421   
  0.1392   
  609.3   
  678.9   
  2.376   
