   Sat.   
  0.02441   
  474.9   
  518.8   
  1.705   
  0.02157   
  478.7   
  521.8   
  1.700   
60   
  0.02606   
  491.1   
  538.0   
  1.763   
  0.02216   
  484.8   
  529.1   
  1.722   
70   
  0.02798   
  511.4   
  561.8   
  1.834   
  0.02412   
  506.3   
  554.5   
  1.797   
80   
  0.02974   
  531.6   
  585.1   
  1.901   
  0.02585   
  527.1   
  578.8   
  1.867   
90   
  0.03138   
  551.5   
  608.0   
  1.965   
  0.02744   
  547.6   
  602.5   
  1.933   
100   
  0.03293   
  571.5   
  630.8   
  2.027   
  0.02892   
  568.1   
  625.9   
  1.997   
110   
  0.03443   
  591.7   
  653.7   
  2.087   
  0.03033   
  588.5   
  649.2   
  2.059   
120   
  0.03586   
  612.1   
  676.6   
  2.146   
  0.03169   
  609.2   
  672.6   
  2.119   
130   
  0.03726   
  632.7   
  699.8   
  2.204   
  0.03299   
  630.0   
  696.0   
  2.178   
140   
  0.03863   
  653.6   
  723.1   
  2.262   
  0.03426   
  651.2   
  719.7   
  2.236   
150   
  0.03996   
  674.8   
  746.7   
  2.318   
  0.03550   
  672.5   
  743.5   
  2.293   
     160   
  0.04127   
  696.3   
  770.6   
  2.374   
  0.03671   
  694.2   
  767.6   
  2.349   
170   
  0.04256   
  718.2   
  794.8   
  2.429   
  0.03790   
  716.2   
  792.0   
  2.404   
180   
  0.04383   
  740.4   
  819.3   
  2.484   
  0.03907   
  738.5   
  816.6   
  2.459   
