   Sat.   
  0.03231   
  465.2   
  510.4   
  1.714   
  0.02790   
  470.4   
  515.0   
  1.710   
50   
  0.03446   
  482.6   
  530.8   
  1.778   
  0.02861   
  476.7   
  522.5   
  1.733   
60   
  0.03664   
  501.6   
  552.9   
  1.845   
  0.03075   
  496.6   
  545.8   
  1.804   
70   
  0.03869   
  520.4   
  574.6   
  1.909   
  0.03270   
  516.2   
  568.5   
  1.871   
80   
  0.04063   
  539.4   
  596.3   
  1.972   
  0.03453   
  535.7   
  590.9   
  1.935   
90   
  0.04249   
  558.6   
  618.1   
  2.033   
  0.03626   
  555.2   
  613.2   
  1.997   
100   
  0.04429   
  577.9   
  639.9   
  2.092   
  0.03792   
  574.8   
  635.5   
  2.058   
110   
  0.04604   
  597.5   
  662.0   
  2.150   
  0.03952   
  594.7   
  657.9   
  2.117   
120   
  0.04774   
  617.5   
  684.3   
  2.208   
  0.04107   
  614.8   
  680.5   
  2.176   
130   
  0.04942   
  637.7   
  706.9   
  2.265   
  0.04259   
  635.3   
  703.4   
  2.233   
140   
  0.05106   
  658.3   
  729.8   
  2.321   
  0.04407   
  656.0   
  726.5   
  2.290   
150   
  0.05268   
  679.2   
  753.0   
  2.376   
  0.04553   
  677.1   
  749.9   
  2.346   
160   
  0.05428   
  700.5   
  776.5   
  2.431   
  0.04696   
  698.5   
  773.6   
  2.401   
