   Sat.   
  0.00977   
  486.3   
  520.5   
  1.633   
  0.00715   
  474.7   
  503.3   
  1.574   
   90   
  0.01086   
  502.4   
  540.5   
  1.688      
  0
  0
  0
  0 
     100   
  0.01270   
  532.9   
  577.3   
  1.788   
  0.00940   
  512.1   
  549.7   
  1.700   
110   
  0.01408   
  558.9   
  608.2   
  1.870   
  0.01110   
  544.7   
  589.1   
  1.804   
120   
  0.01526   
  583.4   
  636.8   
  1.944   
  0.01237   
  572.1   
  621.6   
  1.887   
130   
  0.01631   
  607.0   
  664.1   
  2.012   
  0.01344   
  597.4   
  651.2   
  1.962   
140   
  0.01728   
  630.2   
  690.7   
  2.077   
  0.01439   
  621.9   
  679.5   
  2.031   
150   
  0.01819   
  653.3   
  717.0   
  2.140   
  0.01527   
  645.9   
  707.0   
  2.097   
160   
  0.01906   
  676.4   
  743.1   
  2.201   
  0.01609   
  669.7   
  734.1   
  2.160   
170   
  0.01989   
  699.6   
  769.2   
  2.261   
  0.01687   
  693.4   
  760.9   
  2.222   
180   
  0.02068   
  722.9   
  795.3   
  2.319   
  0.01761   
  717.3   
  787.7   
  2.281   
190   
  0.02146   
  746.5   
  821.6   
  2.376   
  0.01833   
  741.2   
  814.5   
  2.340   
     200   
  0.02221   
  770.3   
  848.0   
  2.433   
  0.01902   
  765.3   
  841.4   
  2.397        
