   Sat.   
  0.04606   
  451.8   
  497.9   
  1.723   
  0.03810   
  459.1   
  504.8   
  1.718   
30   
  0.04696   
  457.1   
  504.1   
  1.744       
  0
  0
  0
  0
40   
  0.04980   
  474.8   
  524.6   
  1.810   
  0.03957   
  469.4   
  516.9   
  1.757   
50   
  0.05248   
  492.4   
  544.9   
  1.874   
  0.04204   
  487.8   
  538.2   
  1.824   
60   
  0.05505   
  510.2   
  565.2   
  1.936   
  0.04436   
  506.1   
  559.3   
  1.889   
70   
  0.05752   
  528.2   
  585.7   
  1.997   
  0.04657   
  524.4   
  580.3   
  1.951   
80   
  0.05992   
  546.4   
  606.3   
  2.056   
  0.04869   
  543.1   
  601.5   
  2.012   
90   
  0.06226   
  564.9   
  627.2   
  2.114   
  0.05075   
  561.8   
  622.7   
  2.071   
100   
  0.06456   
  583.7   
  648.3   
  2.172   
  0.05275   
  580.9   
  644.2   
  2.129   
110   
  0.06681   
  603.0   
  669.8   
  2.228   
  0.05470   
  600.4   
  666.0   
  2.187   
120   
  0.06903   
  622.6   
  691.6   
  2.284   
  0.05662   
  620.1   
  688.0   
  2.244   
130   
  0.07122   
  642.5   
  713.7   
  2.340   
  0.05851   
  640.1   
  710.3   
  2.300   
140   
  0.07338   
  662.8   
  736.2   
  2.395   
  0.06037   
  660.6   
  733.0   
  2.355   
