   Sat.   
  0.796   
  363.1   
  402.9   
  1.871   
  0.4185   
  378.5   
  420.3   
  1.822   
2
50   
  0.824   
  371.3   
  412.5   
  1.914       
  0
  0
  0
  0
2
40   
  0.863   
  383.4   
  426.6   
  1.976   
  0.4234   
  381.5   
  423.8   
  1.837   
2
30   
  0.903   
  396.0   
  441.1   
  2.037   
  0.4439   
  394.2   
  438.6   
  1.899   
2
20   
  0.942   
  408.8   
  455.9   
  2.096   
  0.4641   
  407.3   
  453.7   
  1.960   
2
10   
  0.981   
  422.1   
  471.1   
  2.155   
  0.4842   
  420.7   
  469.1   
  2.019   
0   
  1.019   
  435.8   
  486.7   
  2.213   
  0.5040   
  434.4   
  484.8   
  2.078   
10   
  1.058   
  449.8   
  502.7   
  2.271   
  0.5238   
  448.6   
  501.0   
  2.136   
20   
  1.096   
  464.3   
  519.1   
  2.328   
  0.5434   
  463.3   
  517.6   
  2.194   
30   
  1.135   
  479.2   
  535.9   
  2.384   
  0.5629   
  478.2   
  534.5   
  2.251   
40   
  1.173   
  494.6   
  553.2   
  2.440   
  0.5824   
  493.7   
  551.9   
  2.307   
50   
  1.211   
  510.4   
  570.9   
  2.496   
  0.6018   
  509.5   
  569.7   
  2.363   
60   
  1.249   
  526.7   
  589.1   
  2.551   
  0.6211   
  525.8   
  587.9   
  2.419   
