   Sat.   
  0.01921   
  481.8   
  524.0   
  1.695   
  0.01721   
  484.3   
  525.6   
  1.688   
70   
  0.02086   
  500.5   
  546.4   
  1.761   
  0.01802   
  493.7   
  536.9   
  1.722   
   80   
  0.02261   
  522.4   
  572.1   
  1.834   
  0.01984   
  517.0   
  564.6   
  1.801   
90   
  0.02417   
  543.5   
  596.7   
  1.903   
  0.02141   
  539.0   
  590.4   
  1.873   
100   
  0.02561   
  564.5   
  620.8   
  1.969   
  0.02283   
  560.6   
  615.4   
  1.941   
110   
  0.02697   
  585.3   
  644.6   
  2.032   
  0.02414   
  581.9   
  639.8   
  2.006   
120   
  0.02826   
  606.2   
  668.4   
  2.093   
  0.02538   
  603.2   
  664.1   
  2.068   
130   
  0.02949   
  627.3   
  692.2   
  2.153   
  0.02656   
  624.6   
  688.3   
  2.129   
140   
  0.03069   
  648.6   
  716.1   
  2.211   
  0.02770   
  646.0   
  712.5   
  2.188   
150   
  0.03185   
  670.1   
  740.2   
  2.269   
  0.02880   
  667.8   
  736.9   
  2.247   
160   
  0.03298   
  691.9   
  764.5   
  2.326   
  0.02986   
  689.7   
  761.4   
  2.304   
170   
  0.03409   
  714.1   
  789.1   
  2.382   
  0.03091   
  711.9   
  786.1   
  2.360   
180   
  0.03517   
  736.5   
  813.9   
  2.437   
  0.03193   
  734.5   
  811.1   
  2.416   
