   Sat.   
  6.752   
  326.0   
  359.8   
  2.081   
  3.542   
  367.3   
  370.8   
  2.011   
2
90   
  6.877   
  329.4   
  363.8   
  2.103       
  0
  0
  0
  0
2
80   
  7.258   
  339.8   
  376.1   
  2.169   
  3.617   
  339.5   
  375.7   
  2.037   
2
70   
  7.639   
  350.6   
  388.8   
  2.233   
  3.808   
  350.3   
  388.4   
  2.101   
2
60   
  8.018   
  361.8   
  401.9   
  2.296   
  3.999   
  361.5   
  401.5   
  2.164   
2
50   
  8.397   
  373.3   
  415.3   
  2.357   
  4.190   
  373.1   
  415.0   
  2.226   
2
40   
  8.776   
  385.1   
  429.0   
  2.418   
  4.380   
  385.0   
  428.8   
  2.286   
2
30   
  9.155   
  397.4   
  443.2   
  2.477   
  4.570   
  397.3   
  443.0   
  2.346   
2
20   
  9.533   
  410.1   
  457.8   
  2.536   
  4.760   
  410.0   
  457.6   
  2.405   
2
10   
  9.911   
  423.2   
  472.8   
  2.594   
  4.950   
  423.1   
  472.6   
  2.463   
0   
  10.29   
  436.8   
  488.2   
  2.652   
  5.139   
  436.7   
  488.1   
  2.520   
10   
  10.67   
  450.8   
  504.1   
  2.709   
  5.329   
  450.6   
  503.9   
  2.578   
 20   
  11.05   
  270.6   
  520.4   
  2.765   
  5.518   
  465.1   
  520.3   
  2.634   
