   Sat.   
  0.05776   
  443.1   
  489.3   
  1.729   
  0.05129   
  447.2   
  493.8   
  1.726   
20   
  0.05834   
  445.9   
  492.6   
  1.740       
  0
  0
  0
  0
30   
  0.06170   
  462.7   
  512.1   
  1.806   
  0.05355   
  460.0   
  508.2   
  1.774   
40   
  0.06489   
  479.6   
  531.5   
  1.869   
  0.05653   
  477.2   
  528.1   
  1.839   
50   
  0.06796   
  496.7   
  551.1   
  1.930   
  0.05938   
  494.7   
  548.1   
  1.901   
60   
  0.07094   
  514.0   
  570.8   
  1.990   
  0.06213   
  512.2   
  568.1   
  1.962   
70   
  0.07385   
  531.6   
  590.7   
  2.049   
  0.06479   
  530.0   
  588.3   
  2.022   
80   
  0.07669   
  549.6   
  611.0   
  2.107   
  0.06738   
  548.1   
  608.7   
  2.081   
90   
  0.07948   
  567.9   
  631.5   
  2.165   
  0.06992   
  566.5   
  629.4   
  2.138   
100   
  0.08222   
  586.5   
  652.3   
  2.221   
  0.07241   
  585.2   
  650.4   
  2.195   
110   
  0.08493   
  605.6   
  673.5   
  2.277   
  0.07487   
  604.3   
  671.7   
  2.252   
120   
  0.08761   
  625.0   
  695.1   
  2.333   
  0.07729   
  623.7   
  693.3   
  2.307   
130   
  0.09026   
  644.8   
  717.0   
  2.388   
  0.07969   
  643.6   
  715.3   
  2.363   
140   
  0.09289   
  665.0   
  739.3   
  2.442   
  0.08206   
  663.8   
  737.7   
  2.418   
