   Sat.   
  0.2192   
  396.6   
  440.4   
  1.782   
  0.1496   
  408.7   
  453.6   
  1.762   
2
20   
  0.2251   
  404.0   
  449.0   
  1.816      
  0
  0
  0
  0 
2
10   
  0.2358   
  417.7   
  464.9   
  1.877   
  0.1527   
  414.7   
  460.5   
  1.789   
0   
  0.2463   
  431.8   
  481.1   
  1.938   
  0.1602   
  429.0   
  477.1   
  1.851   
10   
  0.2566   
  446.3   
  497.6   
  1.997   
  0.1674   
  443.8   
  494.0   
  1.912   
20   
  0.2669   
  461.1   
  514.5   
  2.056   
  0.1746   
  458.8   
  511.2   
  1.971   
30   
  0.2770   
  476.3   
  531.7   
  2.113   
  0.1816   
  474.2   
  528.7   
  2.030   
40   
  0.2871   
  491.9   
  549.3   
  2.170   
  0.1885   
  490.1   
  546.6   
  2.088   
   50   
  0.2970   
  507.9   
  567.3   
  2.227   
  0.1954   
  506.2   
  564.8   
  2.145   
60   
  0.3070   
  524.3   
  585.7   
  2.283   
  0.2022   
  522.7   
  583.4   
  2.202   
70   
  0.3169   
  541.1   
  604.5   
  2.339   
  0.2090   
  539.6   
  602.3   
  2.258   
80   
  0.3267   
  558.4   
  623.7   
  2.394   
  0.2157   
  557.0   
  621.7   
  2.314   
90   
  0.3365   
  576.1   
  643.4   
  2.449   
  0.2223   
  574.8   
  641.5   
  2.369   
