Sat.   
  0.02020   
  247.77   
  267.97   
  0.9043    
  0.01663   
  251.03   
  270.99   
  0.9023  
   40   
  0.02029   
  248.39   
  268.68   
  0.9066   
  0
  0
  0
  0
   50   
  0.02171   
  258.48   
  280.19   
  0.9428    
  0.01712   
  254.98   
  275.52   
  0.9164   
   60   
  0.02301   
  268.35   
  291.36   
  0.9768    
  0.01835   
  265.42   
  287.44   
  0.9527  
   70   
  0.02423   
  278.11   
  302.34   
  1.0093    
  0.01947   
  275.59   
  298.96   
  0.9868  
   80   
  0.02538   
  287.82   
  313.20   
  1.0405    
  0.02051   
  285.62   
  310.24   
  1.0192  
   90   
  0.02649   
  297.53   
  324.01   
  1.0707    
  0.02150   
  295.59   
  321.39   
  1.0503  
   100   
  0.02755   
  307.27   
  334.82   
  1.1000    
  0.02244   
  305.54   
  332.47   
  1.0804  
   110   
  0.02858   
  317.06   
  345.65   
  1.1286    
  0.02335   
  315.50   
  343.52   
  1.1096  
   120   
  0.02959   
  326.93   
  356.52   
  1.1567    
  0.02423   
  325.51   
  354.58   
  1.1381  
   130   
  0.03058   
  336.88   
  367.46   
  1.1841    
  0.02508   
  335.58   
  365.68   
  1.1660  
   140   
  0.03154   
  346.92   
  378.46   
  1.2111    
  0.02592   
  345.73   
  376.83   
  1.1933  
   150   
  0.03250   
  357.06   
  389.56   
  1.2376    
  0.02674   
  355.95   
  388.04   
  1.2201  
   160   
  0.03344   
  367.31   
  400.74   
  1.2638    
  0.02754   
  366.27   
  399.33   
  1.2465  
   170   
  0.03436   
  377.66   
  412.02   
  1.2895    
  0.02834   
  376.69   
  410.70   
  1.2724  
   180   
  0.03528   
  388.12   
  423.40   
  1.3149    
  0.02912   
  387.21   
  422.16   
  1.2980     
