   Sat.   
  0.31003   
  206.12   
  224.72   
  0.9520   
  0.19170   
  212.18   
  231.35   
  0.9395  
2
20   
  0.33536   
  217.86   
  237.98   
  1.0062   
  0.19770   
  216.77   
  236.54   
  0.9602   
2
10   
  0.34992   
  224.97   
  245.96   
  1.0371   
  0.20686   
  224.01   
  244.70   
  0.9918  
   0   
  0.36433   
  232.24   
  254.10   
  1.0675   
  0.21587   
  231.41   
  252.99   
  1.0227  
   10   
  0.37861   
  239.69   
  262.41   
  1.0973   
  0.22473   
  238.96   
  261.43   
  1.0531  
   20   
  0.39279   
  247.32   
  270.89   
  1.1267   
  0.23349   
  246.67   
  270.02   
  1.0829  
   30   
  0.40688   
  255.12   
  279.53   
  1.1557   
  0.24216   
  254.54   
  278.76   
  1.1122  
   40   
  0.42091   
  263.10   
  288.35   
  1.1844   
  0.25076   
  262.58   
  287.66   
  1.1411  
   50   
  0.43487   
  271.25   
  297.34   
  1.2126   
  0.25930   
  270.79   
  296.72   
  1.1696  
   60   
  0.44879   
  279.58   
  306.51   
  1.2405   
  0.26779   
  279.16   
  305.94   
  1.1977  
   70   
  0.46266   
  288.08   
  315.84   
  1.2681   
  0.27623   
  287.70   
  315.32   
  1.2254  
   80   
  0.47650   
  296.75   
  325.34   
  1.2954   
  0.28464   
  296.40   
  324.87   
  1.2528  
   90   
  0.49031   
  305.58   
  335.00   
  1.3224   
  0.29302   
  305.27   
  334.57   
  1.2799   
