2
40   
  0.5164   
  0.7055   
  0.3569   
2
0.04   
  204.45   
  0.00   
  222.88   
  222.88   
  0.0000   
  0.9560   
2
40   
2
36   
  0.6332   
  0.7113   
  0.2947   
  4.68   
  206.73   
  4.73   
  220.67   
  225.40   
  0.0201   
  0.9506   
2
36   
2
32   
  0.7704   
  0.7172   
  0.2451   
  9.47   
  209.01   
  9.52   
  218.37   
  227.90   
  0.0401   
  0.9456   
2
32   
2
28   
  0.9305   
  0.7233   
  0.2052   
  14.31   
  211.29   
  14.37   
  216.01   
  230.38   
  0.0600   
  0.9411   
2
28   
2
26   
  1.0199   
  0.7265   
  0.1882   
  16.75   
  212.43   
  16.82   
  214.80   
  231.62   
  0.0699   
  0.9390   
2
26   
2
24   
  1.1160   
  0.7296   
  0.1728   
  19.21   
  213.57   
  19.29   
  213.57   
  232.85   
  0.0798   
  0.9370   
2
24   
2
22   
  1.2192   
  0.7328   
  0.1590   
  21.68   
  214.70   
  21.77   
  212.32   
  234.08   
  0.0897   
  0.9351   
2
22   
2
20   
  1.3299   
  0.7361   
  0.1464   
  24.17   
  215.84   
  24.26   
  211.05   
  235.31   
  0.0996   
  0.9332   
2
20   
2
18   
  1.4483   
  0.7395   
  0.1350   
  26.67   
  216.97   
  26.77   
  209.76   
  236.53   
  0.1094   
  0.9315   
2
18   
2
16   
  1.5748   
  0.7428   
  0.1247   
  29.18   
  218.10   
  29.30   
  208.45   
  237.74   
  0.1192   
  0.9298   
2
16   
2
12   
  1.8540   
  0.7498   
  0.1068   
  34.25   
  220.36   
  34.39   
  205.77   
  240.15   
  0.1388   
  0.9267   
2
12   
2
8   
  2.1704   
  0.7569   
  0.0919   
  39.38   
  222.60   
  39.54   
  203.00   
  242.54   
  0.1583   
  0.9239   
2
8   
2
4   
  2.5274   
  0.7644   
  0.0794   
  44.56   
  224.84   
  44.75   
  200.15   
  244.90   
  0.1777   
  0.9213   
2
4   
0   
  2.9282   
  0.7721   
  0.0689   
  49.79   
  227.06   
  50.02   
  197.21   
  247.23   
  0.1970   
  0.9190   
  0   
4   
  3.3765   
  0.7801   
  0.0600   
  55.08   
  229.27   
  55.35   
  194.19   
  249.53   
  0.2162   
  0.9169   
  4   
8   
  3.8756   
  0.7884   
  0.0525   
  60.43   
  231.46   
  60.73   
  191.07   
  251.80   
  0.2354   
  0.9150   
  8   
12   
  4.4294   
  0.7971   
  0.0460   
  65.83   
  233.63   
  66.18   
  187.85   
  254.03   
  0.2545   
  0.9132   
  12   
   16   
  5.0416   
  0.8062   
  0.0405   
  71.29   
  235.78   
  71.69   
  184.52   
  256.22   
  0.2735   
  0.9116   
  16   
20   
  5.7160   
  0.8157   
  0.0358   
  76.80   
  237.91   
  77.26   
  181.09   
  258.36   
  0.2924   
  0.9102   
  20   
24   
  6.4566   
  0.8257   
  0.0317   
  82.37   
  240.01   
  82.90   
  177.55   
  260.45   
  0.3113   
  0.9089   
  24   
26   
  6.8530   
  0.8309   
  0.0298   
  85.18   
  241.05   
  85.75   
  175.73   
  261.48   
  0.3208   
  0.9082   
  26   
   28   
  7.2675   
  0.8362   
  0.0281   
  88.00   
  242.08   
  88.61   
  173.89   
  262.50   
  0.3302   
  0.9076   
  28   
   30   
  7.7006   
  0.8417   
  0.0265   
  90.84   
  243.10   
  91.49   
  172.00   
  263.50   
  0.3396   
  0.9070   
  30   
32   
  8.1528   
  0.8473   
  0.0250   
  93.70   
  244.12   
  94.39   
  170.09   
  264.48   
  0.3490   
  0.9064   
  32   
34   
  8.6247   
  0.8530   
  0.0236   
  96.58   
  245.12   
  97.31   
  168.14   
  265.45   
  0.3584   
  0.9058   
  34   
36   
  9.1168   
  0.8590   
  0.0223   
  99.47   
  246.11   
  100.25   
  166.15   
  266.40   
  0.3678   
  0.9053   
  36   
38   
  9.6298   
  0.8651   
  0.0210   
  102.38   
  247.09   
  103.21   
  164.12   
  267.33   
  0.3772   
  0.9047   
  38   
40   
  10.164   
  0.8714   
  0.0199   
  105.30   
  248.06   
  106.19   
  162.05   
  268.24   
  0.3866   
  0.9041   
  40   
42   
  10.720   
  0.8780   
  0.0188   
  108.25   
  249.02   
  109.19   
  159.94   
  269.14   
  0.3960   
  0.9035   
  42   
44   
  11.299   
  0.8847   
  0.0177   
  111.22   
  249.96   
  112.22   
  157.79   
  270.01   
  0.4054   
  0.9030   
  44   
48   
  12.526   
  0.8989   
  0.0159   
  117.22   
  251.79   
  118.35   
  153.33   
  271.68   
  0.4243   
  0.9017   
  48   
52   
  13.851   
  0.9142   
  0.0142   
  123.31   
  253.55   
  124.58   
  148.66   
  273.24   
  0.4432   
  0.9004   
  52   
56   
  15.278   
  0.9308   
  0.0127   
  129.51   
  255.23   
  130.93   
  143.75   
  274.68   
  0.4622   
  0.8990   
  56   
60   
  16.813   
  0.9488   
  0.0114   
  135.82   
  256.81   
  137.42   
  138.57   
  275.99   
  0.4814   
  0.8973   
  60   
   70   
  21.162   
  1.0027   
  0.0086   
  152.22   
  260.15   
  154.34   
  124.08   
  278.43   
  0.5302   
  0.8918   
  70   
   80   
  26.324   
  1.0766   
  0.0064   
  169.88   
  262.14   
  172.71   
  106.41   
  279.12   
  0.5814   
  0.8827   
  80   
90   
  32.435   
  1.1949   
  0.0046   
  189.82   
  261.34   
  193.69   
  82.63   
  276.32   
  0.6380   
  0.8655   
  90   
100   
  39.742   
  1.5443   
  0.0027   
  218.60   
  248.49   
  224.74   
  34.40   
  259.13   
  0.7196   
  0.8117   
  100
