  Sat.   
  0.13945   
  216.52   
  236.04   
  0.9322    
  0.10983   
  219.94   
  239.71   
  0.9273  
2
10   
  0.14549   
  223.03   
  243.40   
  0.9606    
  0.11135   
  222.02   
  242.06   
  0.9362  
  0   
  0.15219   
  230.55   
  251.86   
  0.9922    
  0.11678   
  229.67   
  250.69   
  0.9684  
  10   
  0.15875   
  238.21   
  260.43   
  1.0230    
  0.12207   
  237.44   
  259.41   
  0.9998  
  20   
  0.16520   
  246.01   
  269.13   
  1.0532    
  0.12723   
  245.33   
  268.23   
  1.0304  
  30   
  0.17155   
  253.96   
  277.97   
  1.0828    
  0.13230   
  253.36   
  277.17   
  1.0604  
  40   
  0.17783   
  262.06   
  286.96   
  1.1120    
  0.13730   
  261.53   
  286.24   
  1.0898  
  50   
  0.18404   
  270.32   
  296.09   
  1.1407    
  0.14222   
  269.85   
  295.45   
  1.1187  
  60   
  0.19020   
  278.74   
  305.37   
  1.1690    
  0.14710   
  278.31   
  304.79   
  1.1472  
  70   
  0.19633   
  287.32   
  314.80   
  1.1969    
  0.15193   
  286.93   
  314.28   
  1.1753  
  80   
  0.20241   
  296.06   
  324.39   
  1.2244    
  0.15672   
  295.71   
  323.92   
  1.2030  
  90   
  0.20846   
  304.95   
  334.14   
  1.2516    
  0.16148   
  304.63   
  333.70   
  1.2303  
100   
0.21449 
314.01 
344.04 
1.2785 
  0.16622   
  313.72   
  343.63   
  1.2573   
