   Sat.   
  0.02547   
  243.78   
  264.15   
  0.9066   
  0.02255   
  245.88   
  266.18   
  0.9054  
   40   
  0.02691   
  252.13   
  273.66   
  0.9374   
  0.02325   
  250.32   
  271.25   
  0.9217  
   50   
  0.02846   
  261.62   
  284.39   
  0.9711   
  0.02472   
  260.09   
  282.34   
  0.9566  
   60   
  0.02992   
  271.04   
  294.98   
  1.0034   
  0.02609   
  269.72   
  293.21   
  0.9897  
   70   
  0.03131   
  280.45   
  305.50   
  1.0345   
  0.02738   
  279.30   
  303.94   
  1.0214  
   80   
  0.03264   
  289.89   
  316.00   
  1.0647   
  0.02861   
  288.87   
  314.62   
  1.0521  
   90   
  0.03393   
  299.37   
  326.52   
  1.0940   
  0.02980   
  298.46   
  325.28   
  1.0819  
   100   
  0.03519   
  308.93   
  337.08   
  1.1227   
  0.03095   
  308.11   
  335.96   
  1.1109  
   110   
  0.03642   
  318.57   
  347.71   
  1.1508   
  0.03207   
  317.82   
  346.68   
  1.1392  
   120   
  0.03762   
  328.31   
  358.40   
  1.1784   
  0.03316   
  327.62   
  357.47   
  1.1670  
   130   
  0.03881   
  338.14   
  369.19   
  1.2055   
  0.03423   
  337.52   
  368.33   
  1.1943  
   140   
  0.03997   
  348.09   
  380.07   
  1.2321   
  0.03529   
  347.51   
  379.27   
  1.2211  
   150   
  0.04113   
  358.15   
  391.05   
  1.2584   
  0.03633   
  357.61   
  390.31   
  1.2475  
   160   
  0.04227   
  368.32   
  402.14   
  1.2843   
  0.03736   
  367.82   
  401.44   
  1.2735  
   170   
  0.04340   
  378.61   
  413.33   
  1.3098   
  0.03838   
  378.14   
  412.68   
  1.2992  
   180   
  0.04452   
  389.02   
  424.63   
  1.3351   
  0.03939   
  388.57   
  424.02   
  1.3245     
