   Sat.   
  0.01405   
  253.74   
  273.40   
  0.9003   
  0.01208   
  256.00   
  275.33   
  0.8982   
   60   
  0.01495   
  262.17   
  283.10   
  0.9297   
  0.01233   
  258.48   
  278.20   
  0.9069   
   70   
  0.01603   
  272.87   
  295.31   
  0.9658   
  0.01340   
  269.89   
  291.33   
  0.9457   
   80   
  0.01701   
  283.29   
  307.10   
  0.9997   
  0.01435   
  280.78   
  303.74   
  0.9813   
   90   
  0.01792   
  293.55   
  318.63   
  1.0319   
  0.01521   
  291.39   
  315.72   
  1.0148   
   100   
  0.01878   
  303.73   
  330.02   
  1.0628   
  0.01601   
  301.84   
  327.46   
  1.0467   
   110   
  0.01960   
  313.88   
  341.32   
  1.0927   
  0.01677   
  312.20   
  339.04   
  1.0773   
   120   
  0.02039   
  324.05   
  352.59   
  1.1218   
  0.01750   
  322.53   
  350.53   
  1.1069   
   130   
  0.02115   
  334.25   
  363.86   
  1.1501   
  0.01820   
  332.87   
  361.99   
  1.1357   
   140   
  0.02189   
  344.50   
  375.15   
  1.1777   
  0.01887   
  343.24   
  373.44   
  1.1638   
   150   
  0.02262   
  354.82   
  386.49   
  1.2048   
  0.01953   
  353.66   
  384.91   
  1.1912   
   160   
  0.02333   
  365.22   
  397.89   
  1.2315   
  0.02017   
  364.15   
  396.43   
  1.2181   
   170   
  0.02403   
  375.71   
  409.36   
  1.2576   
  0.02080   
  374.71   
  407.99   
  1.2445   
   180   
  0.02472   
  386.29   
  420.90   
  1.2834   
  0.02142   
  385.35   
  419.62   
  1.2704        
190   
   0.02541  
       396.96 
            432.53 
                   1.3088      
0.02203   
   396.08    
      431.33    
          1.2960
200    
  0.02608    
    407.73    
      444.24    
          1.3338      
0.02263    
  406.90    
     443.11    
          1.3212
