   Sat.   
  0.07193   
  226.38   
  246.52   
  0.9197   
  0.06322   
  228.43   
  248.66   
  0.9177  
   0   
  0.07240   
  227.37   
  247.64   
  0.9238   
  0
  0
  0
  0
   10   
  0.07613   
  235.44   
  256.76   
  0.9566   
  0.06576   
  234.61   
  255.65   
  0.9427  
   20   
  0.07972   
  243.59   
  265.91   
  0.9883   
  0.06901   
  242.87   
  264.95   
  0.9749  
   30   
  0.08320   
  251.83   
  275.12   
  1.0192   
  0.07214   
  251.19   
  274.28   
  1.0062  
   40   
  0.08660     
  260.17   
  284.42   
  1.0494   
  0.07518   
  259.61   
  283.67   
  1.0367  
   50   
  0.08992   
  268.64   
  293.81   
  1.0789   
  0.07815   
  268.14   
  293.15   
  1.0665  
   60   
  0.09319   
  277.23   
  303.32   
  1.1079   
  0.08106   
  276.79   
  302.72   
  1.0957  
   70   
  0.09641   
  285.96   
  312.95   
  1.1364   
  0.08392   
  285.56   
  312.41   
  1.1243  
   80   
  0.09960   
  294.82   
  322.71   
  1.1644   
  0.08674   
  294.46   
  322.22   
  1.1525  
   90   
  0.10275   
  303.83   
  332.60   
  1.1920   
  0.08953   
  303.50   
  332.15   
  1.1802  
   100   
  0.10587   
  312.98   
  342.62   
  1.2193   
  0.09229   
  312.68   
  342.21   
  1.2076  
   110   
  0.10897   
  322.27   
  352.78   
  1.2461   
  0.09503   
  322.00   
  352.40   
  1.2345  
   120   
  0.11205   
  331.71   
  363.08   
  1.2727   
  0.09774   
  331.45   
  362.73   
  1.2611     
