Sat.   
  0.05089   
  231.97   
  252.32   
  0.9145    
  0.04086   
  235.64   
  256.07   
  0.9117  
   10   
  0.05119   
  232.87   
  253.35   
  0.9182   
  0
  0
  0
  0
   20   
  0.05397   
  241.37   
  262.96   
  0.9515    
  0.04188   
  239.40   
  260.34   
  0.9264   
   30   
  0.05662   
  249.89   
  272.54   
  0.9837    
  0.04416   
  248.20   
  270.28   
  0.9597  
   40   
  0.05917   
  258.47   
  282.14   
  1.0148    
  0.04633   
  256.99   
  280.16   
  0.9918  
   50   
  0.06164   
  267.13   
  291.79   
  1.0452    
  0.04842   
  265.83   
  290.04   
  1.0229  
   60   
  0.06405   
  275.89   
  301.51   
  1.0748    
  0.05043   
  274.73   
  299.95   
  1.0531  
   70   
  0.06641   
  284.75   
  311.32   
  1.1038    
  0.05240   
  283.72   
  309.92   
  1.0825  
   80   
  0.06873   
  293.73   
  321.23   
  1.1322    
  0.05432   
  292.80   
  319.96   
  1.1114  
   90   
  0.07102   
  302.84   
  331.25   
  1.1602    
  0.05620   
  302.00   
  330.10   
  1.1397  
   100   
  0.07327   
  312.07   
  341.38   
  1.1878    
  0.05805   
  311.31   
  340.33   
  1.1675  
   110   
  0.07550   
  321.44   
  351.64   
  1.2149    
  0.05988   
  320.74   
  350.68   
  1.1949  
   120   
  0.07771   
  330.94   
  362.03   
  1.2417    
  0.06168   
  330.30   
  361.14   
  1.2218  
   130   
0.07991 
340.58 
372.54 
1.2681 
  0.06347   
  339.98   
  371.72   
  1.2484  
   140   
0.08208 
350.35 
383.18 
1.2941 
  0.06524   
  349.79   
  382.42   
  1.2746     
