   Sat.   
  0.03408   
  238.74   
  259.19   
  0.9097   
  0.02918   
  241.42   
  261.85   
  0.9080   
   30   
  0.03581   
  246.41   
  267.89   
  0.9388   
  0.02979   
  244.51   
  265.37   
  0.9197   
   40   
  0.03774   
  255.45   
  278.09   
  0.9719   
  0.03157   
  253.83   
  275.93   
  0.9539   
   50   
  0.03958   
  264.48   
  288.23   
  1.0037   
  0.03324   
  263.08   
  286.35   
  0.9867   
   60   
  0.04134   
  273.54   
  298.35   
  1.0346   
  0.03482   
  272.31   
  296.69   
  1.0182   
   70   
  0.04304   
  282.66   
  308.48   
  1.0645   
  0.03634   
  281.57   
  307.01   
  1.0487   
   80   
  0.04469   
  291.86   
  318.67   
  1.0938   
  0.03781   
  290.88   
  317.35   
  1.0784   
   90   
  0.04631   
  301.14   
  328.93   
  1.1225   
  0.03924   
  300.27   
  327.74   
  1.1074   
   100   
  0.04790   
  310.53   
  339.27   
  1.1505   
  0.04064   
  309.74   
  338.19   
  1.1358   
   110   
  0.04946   
  320.03   
  349.70   
  1.1781   
  0.04201   
  319.31   
  348.71   
  1.1637   
   120   
  0.05099   
  329.64   
  360.24   
  1.2053   
  0.04335   
  328.98   
  359.33   
  1.1910   
   130   
  0.05251   
  339.38   
  370.88   
  1.2320   
  0.04468   
  338.76   
  370.04   
  1.2179   
   140   
  0.05402   
  349.23   
  381.64   
  1.2584   
  0.04599   
  348.66   
  380.86   
  1.2444   
150   
    0.05550    
       359.21    
          392.52     
              1.2844       
0.04729   
    358.68      
      391.79     
         1.2706
160    
  0.05698   
     369.32   
        403.51    
             1.3100      
0.04857    
  368.82    
     402.82    
        1.2963
