     Sat.   
  0.09933   
  221.43   
  241.30   
  0.9253   
  0.08343   
  224.07   
  244.09   
  0.9222   
2
10   
  0.09938   
  221.50   
  241.38   
  0.9256   
  0
  0
  0
  0
  0   
  0.10438   
  229.23   
  250.10   
  0.9582   
  0.08574   
  228.31   
  248.89   
  0.9399   
     10   
  0.10922   
  237.05   
  258.89   
  0.9898   
  0.08993   
  236.26   
  257.84   
  0.9721   
     20   
  0.11394   
  244.99   
  267.78   
  1.0206   
  0.09399   
  244.30   
  266.85   
  1.0034   
30   
  0.11856   
  253.06   
  276.77   
  1.0508   
  0.09794   
  252.45   
  275.95   
  1.0339   
     40   
  0.12311   
  261.26   
  285.88   
  1.0804   
  0.10181   
  260.72   
  285.16   
  1.0637   
     50   
  0.12758   
  269.61   
  295.12   
  1.1094   
  0.10562   
  269.12   
  294.47   
  1.0930   
     60   
  0.13201   
  278.10   
  304.50   
  1.1380   
  0.10937   
  277.67   
  303.91   
  1.1218   
     70   
  0.13639   
  286.74   
  314.02   
  1.1661   
  0.11307   
  286.35   
  313.49   
  1.1501   
80   
  0.14073   
  295.53   
  323.68   
  1.1939   
  0.11674   
  295.18   
  323.19   
  1.1780   
90   
  0.14504   
  304.47   
  333.48   
  1.2212   
  0.12037   
  304.15   
  333.04   
  1.2055   
100   
  0.14932   
  313.57   
  343.43   
  1.2483   
  0.12398   
  313.27   
  343.03   
  1.2326
