Sat.   
  0.01955   
  235.48   
  258.94   
  0.8864   
  0.01662   
  236.89   
  260.16   
  0.8786   
   40   
  0.02083   
  242.63   
  267.62   
  0.9146   
  0.01708   
  239.78   
  263.70   
  0.8900   
   50   
  0.02204   
  249.69   
  276.14   
  0.9413   
  0.01823   
  247.29   
  272.81   
  0.9186   
   60   
  0.02319   
  256.60   
  284.43   
  0.9666   
  0.01929   
  254.52   
  281.53   
  0.9452   
   70   
  0.02428   
  263.44   
  292.58   
  0.9907   
  0.02029   
  261.60   
  290.01   
  0.9703   
   80   
  0.02534   
  270.25   
  300.66   
  1.0139   
  0.02125   
  268.60   
  298.34   
  0.9942   
   90   
  0.02636   
  277.07   
  308.70   
  1.0363   
  0.02217   
  275.56   
  306.60   
  1.0172   
   100   
  0.02736   
  283.90   
  316.73   
  1.0582   
  0.02306   
  282.52   
  314.80   
  1.0395   
   110   
  0.02834   
  290.77   
  324.78   
  1.0794   
  0.02393   
  289.49   
  323.00   
  1.0612   
   120   
  0.02930   
  297.69   
  332.85   
  1.1002   
  0.02478   
  296.50   
  331.19   
  1.0823   
   130   
  0.03024   
  304.65   
  340.95   
  1.1205   
  0.02562   
  303.55   
  339.41   
  1.1029   
   140   
  0.03118   
  311.68   
  349.09   
  1.1405   
  0.02644   
  310.64   
  347.65   
  1.1231   
   150   
  0.03210   
  318.77   
  357.29   
  1.1601   
  0.02725   
  317.79   
  355.94   
  1.1429   
   160   
  0.03301   
  325.92   
  365.54   
  1.1793   
  0.02805   
  324.99   
  364.26   
  1.1624   
   170   
  0.03392   
  333.14   
  373.84   
  1.1983   
  0.02884   
  332.26   
  372.64   
  1.1815      
