   Sat.   
  0.03371   
  230.04   
  253.64   
  0.9117   
  0.02953   
  231.43   
  255.05   
  0.9056   
   15   
  0.03451   
  232.70   
  256.86   
  0.9229       
  0
  0
  0
  0
   20   
  0.03547   
  235.92   
  260.75   
  0.9363   
  0.03033   
  234.47   
  258.74   
  0.9182   
   25   
  0.03639   
  239.12   
  264.59   
  0.9493   
  0.03118   
  237.76   
  262.70   
  0.9315   
   30   
  0.03730   
  242.29   
  268.40   
  0.9619   
  0.03202   
  241.04   
  266.66   
  0.9448   
   35   
  0.03819   
  245.46   
  272.19   
  0.9743   
  0.03283   
  244.28   
  270.54   
  0.9574   
   40   
  0.03906   
  248.62   
  275.96   
  0.9865   
  0.03363   
  247.52   
  274.42   
  0.9700   
   45   
  0.03992   
  251.78   
  279.72   
  0.9984   
  0.03440   
  250.74   
  278.26   
  0.9821   
   50   
  0.04076   
  254.94   
  283.48   
  1.0101   
  0.03517   
  253.96   
  282.10   
  0.9941   
   55   
  0.04160   
  258.11   
  287.23   
  1.0216   
  0.03592   
  257.18   
  285.92   
  1.0058   
   60   
  0.04242   
  261.29   
  290.99   
  1.0330   
  0.03667   
  260.40   
  289.74   
  1.0174   
   65   
  0.04324   
  264.48   
  294.75   
  1.0442   
  0.03741   
  263.64   
  293.56   
  1.0287   
   70   
  0.04405   
  267.68   
  298.51   
  1.0552   
  0.03814   
  266.87   
  297.38   
  1.0400   
