      0.40   
2
58.86   
  0.6847   
  0.5056   
2
20.36   
  204.13   
2
20.34   
  244.69   
  224.36   
2
0.0907   
  1.0512   
0.40   
     0.50   
2
54.83   
  0.6901   
  0.4107   
2
16.07   
  205.76   
2
16.03   
  242.33   
  226.30   
2
0.0709   
  1.0391   
0.50   
     0.60   
2
51.40   
  0.6947   
  0.3466   
2
12.39   
  207.14   
2
12.35   
  240.28   
  227.93   
2
0.0542   
  1.0294   
0.60   
     0.70   
2
48.40   
  0.6989   
  0.3002   
2
9.17   
  208.34   
2
9.12   
  238.47   
  229.35   
2
0.0397   
  1.0213   
0.70   
    0.80   
2
45.73   
  0.7026   
  0.2650   
2
6.28   
  209.41   
2
6.23   
  236.84   
  230.61   
2
0.0270   
  1.0144   
0.80   
     0.90   
2
43.30   
  0.7061   
  0.2374   
2
3.66   
  210.37   
2
3.60   
  235.34   
  231.74   
2
0.0155   
  1.0084   
0.90   
     1.00   
2
41.09   
  0.7093   
  0.2152   
2
1.26   
  211.25   
2
1.19   
  233.95   
  232.77   
2
0.0051   
  1.0031   
1.00   
   1.25   
2
36.23   
  0.7166   
  0.1746   
  4.04   
  213.16   
  4.13   
  230.86   
  234.99   
  0.0175   
  0.9919   
1.25   
   1.50   
2
32.08   
  0.7230   
  0.1472   
  8.60   
  214.77   
  8.70   
  228.15   
  236.86   
  0.0366   
  0.9830   
1.50   
   1.75   
2
28.44   
  0.7287   
  0.1274   
  12.61   
  216.18   
  12.74   
  225.73   
  238.47   
  0.0531   
  0.9755   
1.75   
     2.00   
2
25.18   
  0.7340   
  0.1123   
  16.22   
  217.42   
  16.37   
  223.52   
  239.88   
  0.0678   
  0.9691   
2.00   
   2.25   
2
22.22   
  0.7389   
  0.1005   
  19.51   
  218.53   
  19.67   
  221.47   
  241.15   
  0.0809   
  0.9636   
2.25   
     2.50   
2
19.51   
  0.7436   
  0.0910   
  22.54   
  219.55   
  22.72   
  219.57   
  242.29   
  0.0930   
  0.9586   
2.50   
     2.75   
2
17.00   
  0.7479   
  0.0831   
  25.36   
  220.48   
  25.56   
  217.77   
  243.33   
  0.1040   
  0.9542   
2.75   
     3.00   
2
14.66   
  0.7521   
  0.0765   
  27.99   
  221.34   
  28.22   
  216.07   
  244.29   
  0.1143   
  0.9502   
3.00   
   3.25   
2
12.46   
  0.7561   
  0.0709   
  30.47   
  222.13   
  30.72   
  214.46   
  245.18   
  0.1238   
  0.9465   
3.25   
     3.50   
2
10.39   
  0.7599   
  0.0661   
  32.82   
  222.88   
  33.09   
  212.91   
  246.00   
  0.1328   
  0.9431   
3.50   
   3.75   
2
8.43   
  0.7636   
  0.0618   
  35.06   
  223.58   
  35.34   
  211.42   
  246.77   
  0.1413   
  0.9399   
3.75   
     4.00   
2
6.56   
  0.7672   
  0.0581   
  37.18   
  224.24   
  37.49   
  209.99   
  247.48   
  0.1493   
  0.9370   
4.00   
     4.25   
2
4.78   
  0.7706   
  0.0548   
  39.22   
  224.86   
  39.55   
  208.61   
  248.16   
  0.1569   
  0.9342   
4.25   
     4.50   
2
3.08   
  0.7740   
  0.0519   
  41.17   
  225.45   
  41.52   
  207.27   
  248.80   
  0.1642   
  0.9316   
4.50   
   4.75   
2
1.45   
  0.7773   
  0.0492   
  43.05   
  226.00   
  43.42   
  205.98   
  249.40   
  0.1711   
  0.9292   
4.75   
     5.00   
  0.12   
  0.7805   
  0.0469   
  44.86   
  226.54   
  45.25   
  204.71   
  249.97   
  0.1777   
  0.9269   
5.00   
   5.25   
  1.63   
  0.7836   
  0.0447   
  46.61   
  227.04   
  47.02   
  203.48   
  250.51   
  0.1841   
  0.9247   
5.25   
   5.50   
  3.08   
  0.7867   
  0.0427   
  48.30   
  227.53   
  48.74   
  202.28   
  251.02   
  0.1903   
  0.9226   
5.50   
   5.75   
  4.49   
  0.7897   
  0.0409   
  49.94   
  227.99   
  50.40   
  201.11   
  251.51   
  0.1962   
  0.9206   
5.75   
     6.00   
  5.85   
  0.7927   
  0.0392   
  51.53   
  228.44   
  52.01   
  199.97   
  251.98   
  0.2019   
  0.9186   
6.00   
     7.00   
  10.91   
  0.8041   
  0.0337   
  57.48   
  230.04   
  58.04   
  195.60   
  253.64   
  0.2231   
  0.9117   
7.00  
    8.00   
  15.45   
  0.8149   
  0.0295   
  62.88   
  231.43   
  63.53   
  191.52   
  255.05   
  0.2419   
  0.9056   
8.00   
     9.00   
  19.59   
  0.8252   
  0.0262   
  67.84   
  232.64   
  68.59   
  187.67   
  256.25   
  0.2591   
  0.9001   
9.00   
    10.00   
  23.40   
  0.8352   
  0.0236   
  72.46   
  233.71   
  73.30   
  183.99   
  257.28   
  0.2748   
  0.8952   
  10.00   
    12.00   
  30.25   
  0.8546   
  0.0195   
  80.87   
  235.48   
  81.90   
  177.04   
  258.94   
  0.3029   
  0.8864   
  12.00   
    14.00   
  36.29   
  0.8734   
  0.0166   
  88.45   
  236.89   
  89.68   
  170.49   
  260.16   
  0.3277   
  0.8786   
  14.00   
    16.00   
  41.73   
  0.8919   
  0.0144   
  95.41   
  238.00   
  96.83   
  164.21   
  261.04   
  0.3500   
  0.8715   
  16.00   
    18.00   
  46.69   
  0.9104   
  0.0127   
  101.87   
  238.86   
  103.51   
  158.13   
  261.64   
  0.3705   
  0.8649   
  18.00   
    20.00   
  51.26   
  0.9291   
  0.0112   
  107.95   
  239.51   
  109.81   
  152.17   
  261.98   
  0.3895   
  0.8586   
  20.00   
    24.00   
  59.46   
  0.9677   
  0.0091   
  119.24   
  240.22   
  121.56   
  140.43   
  261.99   
  0.4241   
  0.8463   
  24.00   
