   Sat.   
  0.09097   
  219.55   
  242.29   
  0.9586   
  0.07651   
  221.34   
  244.29   
  0.9502   
2
15   
  0.09303   
  222.03   
  245.29   
  0.9703   
  0
  0
  0
  0
2
10   
  0.09528   
  224.79   
  248.61   
  0.9831   
  0.07833   
  223.96   
  247.46   
  0.9623   
2
5   
  0.09751   
  227.55   
  251.93   
  0.9956   
  0.08025   
  226.78   
  250.86   
  0.9751   
   0   
  0.09971   
  230.33   
  255.26   
  1.0078   
  0.08214   
  229.61   
  254.25   
  0.9876   
   5   
  0.10189   
  233.12   
  258.59   
  1.0199   
  0.08400   
  232.44   
  257.64   
  0.9999   
   10   
  0.10405   
  235.92   
  261.93   
  1.0318   
  0.08585   
  235.28   
  261.04   
  1.0120   
   15   
  0.10619   
  238.74   
  265.29   
  1.0436   
  0.08767   
  238.14   
  264.44   
  1.0239   
   20   
  0.10831   
  241.58   
  268.66   
  1.0552   
  0.08949   
  241.01   
  267.85   
  1.0357   
   25   
  0.11043   
  244.44   
  272.04   
  1.0666   
  0.09128   
  243.89   
  271.28   
  1.0472   
   30   
  0.11253   
  247.31   
  275.44   
  1.0779   
  0.09307   
  246.80   
  274.72   
  1.0587   
   35   
  0.11461   
  250.21   
  278.86   
  1.0891   
  0.09484   
  249.72   
  278.17   
  1.0700   
   40   
  0.11669   
  253.13   
  282.30   
  1.1002   
  0.09660   
  252.66   
  281.64   
  1.0811   
