     Sat.   
  0.26503   
  209.41   
  230.61   
  1.0144   
  0.21518   
  211.25   
  232.77   
  1.0031   
2
45   
  0.26597   
  209.76   
  231.04   
  1.0163       
  0
  0
  0
  0
2
40   
  0.27245   
  212.21   
  234.01   
  1.0292   
  0.21633   
  211.79   
  233.42   
  1.0059   
2
35   
  0.27890   
  214.68   
  236.99   
  1.0418   
  0.22158   
  214.29   
  236.44 
1.0187   
2
30   
  0.28530   
  217.17   
  239.99   
  1.0543   
  0.22679   
  216.80   
  239.48   
  1.0313   
2
25   
  0.29167   
  219.68   
  243.02   
  1.0666   
  0.23197   
  219.34   
  242.54   
  1.0438   
2
20   
  0.29801   
  222.22   
  246.06   
  1.0788   
  0.23712   
  221.90   
  245.61   
  1.0560   
2
15   
  0.30433   
  224.78   
  249.13   
  1.0908   
  0.24224   
  224.48   
  248.70   
  1.0681   
2
10   
  0.31062   
  227.37   
  252.22   
  1.1026   
  0.24734   
  227.08   
  251.82   
  1.0801   
2
5   
  0.31690   
  229.98   
  255.34   
  1.1143   
  0.25241   
  229.71   
  254.95   
  1.0919   
   0   
  0.32315   
  232.62   
  258.47   
  1.1259   
  0.25747   
  232.36   
  258.11   
  1.1035   
   5   
  0.32939   
  235.29   
  261.64   
  1.1374   
  0.26251   
  235.04   
  261.29   
  1.1151   
   10   
  0.33561   
  237.98   
  264.83   
  1.1488   
  0.26753   
  237.74   
  264.50   
  1.1265   
