   Sat.   
  0.02623   
  232.64   
  256.25   
  0.9001   
  0.02358   
  233.71   
  257.28   
  0.8952   
   20   
  0.02630   
  232.92   
  256.59   
  0.9013     
  0
  0
  0
  0 
   30   
  0.02789   
  239.73   
  264.83   
  0.9289   
  0.02457   
  238.34   
  262.91   
  0.9139   
   40   
  0.02939   
  246.37   
  272.82   
  0.9549   
  0.02598   
  245.18   
  271.17   
  0.9407   
   50   
  0.03082   
  252.95   
  280.68   
  0.9795   
  0.02732   
  251.90   
  279.22   
  0.9660   
   60   
  0.03219   
  259.49   
  288.46   
  1.0033   
  0.02860   
  258.56   
  287.15   
  0.9902   
   70   
  0.03353   
  266.04   
  296.21   
  1.0262   
  0.02984   
  265.19   
  295.03   
  1.0135   
   80   
  0.03483   
  272.62   
  303.96   
  1.0484   
  0.03104   
  271.84   
  302.88   
  1.0361   
   90   
  0.03611   
  279.23   
  311.73   
  1.0701   
  0.03221   
  278.52   
  310.74   
  1.0580   
   100   
  0.03736   
  285.90   
  319.53   
  1.0913   
  0.03337   
  285.24   
  318.61   
  1.0794   
   110   
  0.03860   
  292.63   
  327.37   
  1.1120   
  0.03450   
  292.02   
  326.52   
  1.1003   
   120   
  0.03982   
  299.42   
  335.26   
  1.1323   
  0.03562   
  298.85   
  334.46   
  1.1207   
   130   
  0.04103   
  306.28   
  343.21   
  1.1523   
  0.03672   
  305.74   
  342.46   
  1.1408   
   140   
  0.04223   
  313.21   
  351.22   
  1.1719   
  0.03781   
  312.70   
  350.51   
  1.1605   
   150   
  0.04342   
  320.21   
  359.29   
  1.1912   
  0.03889   
  319.74   
  358.63   
  1.1790
