   Sat.   
  0.05189   
  225.45   
  248.80   
  0.9316   
  0.04686   
  226.54   
  249.97   
  0.9269   
   0   
  0.05275   
  227.29   
  251.03   
  0.9399   
  0
  0
  0
  0
   5   
  0.05411   
  230.28   
  254.63   
  0.9529   
  0.04810   
  229.52   
  253.57   
  0.9399   
   10   
  0.05545   
  233.26   
  258.21   
  0.9657   
  0.04934   
  232.55   
  257.22   
  0.9530   
   15   
  0.05676   
  236.24   
  261.78   
  0.9782   
  0.05056   
  235.57   
  260.85   
  0.9657   
   20   
  0.05805   
  239.22   
  265.34   
  0.9904   
  0.05175   
  238.59   
  264.47   
  0.9781   
   25   
  0.05933   
  242.20   
  268.90   
  1.0025   
  0.05293   
  241.61   
  268.07   
  0.9903   
   30   
  0.06059   
  245.19   
  272.46   
  1.0143   
  0.05409   
  244.63   
  271.68   
  1.0023   
   35   
  0.06184   
  248.19   
  276.02   
  1.0259   
  0.05523   
  247.66   
  275.28   
  1.0141   
   40   
  0.06308   
  251.20   
  279.59   
  1.0374   
  0.05636   
  250.70   
  278.89   
  1.0257   
   45   
  0.06430   
  254.23   
  283.17   
  1.0488   
  0.05748   
  253.76   
  282.50   
  1.0371   
   50   
  0.06552   
  257.28   
  286.76   
  1.0600   
  0.05859   
  256.82   
  286.12   
  1.0484   
   55   
  0.06672   
  260.34   
  290.36   
  1.0710   
  0.05969   
  259.90   
  289.75   
  1.0595   
