   Sat.   
  0.06605   
  222.88   
  246.00   
  0.9431   
  0.05812   
  224.24   
  247.48   
  0.9370   
2
10   
  0.06619   
  223.10   
  246.27   
  0.9441   
  0
  0
  0
  0
2
5   
  0.06789   
  225.99   
  249.75   
  0.9572   
  0.05860   
  225.16   
  248.60   
  0.9411   
   0   
  0.06956   
  228.86   
  253.21   
  0.9700   
  0.06011   
  228.09   
  252.14   
  0.9542   
   5   
  0.07121   
  231.74   
  256.67   
  0.9825   
  0.06160   
  231.02   
  225.66   
  0.9670   
   10   
  0.07284   
  234.63   
  260.12   
  0.9948   
  0.06306   
  233.95   
  259.18   
  0.9795   
   15   
  0.07444   
  237.52   
  263.57   
  1.0069   
  0.06450   
  236.89   
  262.69   
  0.9918   
   20   
  0.07603   
  240.42   
  267.03   
  1.0188   
  0.06592   
  239.83   
  266.19   
  1.0039   
   25   
  0.07760   
  243.34   
  270.50   
  1.0305   
  0.06733   
  242.77   
  269.71   
  1.0158   
   30   
  0.07916   
  246.27   
  273.97   
  1.0421   
  0.06872   
  245.73   
  273.22   
  1.0274   
   35   
  0.08070   
  249.22   
  227.46   
  1.0535   
  0.07010   
  248.71   
  276.75   
  1.0390   
   40   
  0.08224   
  252.18   
  280.97   
  1.0648   
  0.07146   
  251.70   
  280.28   
  1.0504   
   45   
  0.08376   
  255.17   
  284.48   
  1.0759   
  0.07282   
  254.70   
  283.83   
  1.0616   
