Sat.   
  0.04271   
  227.53   
  251.02   
  0.9226   
  0.03923   
  228.44   
  251.98   
  0.9186   
   5   
  0.04317   
  228.72   
  252.46   
  0.9278   
  0
  0
  0
  0
   10   
  0.04433   
  231.81   
  256.20   
  0.9411   
  0.04015   
  231.05   
  255.14   
  0.9299   
   15   
  0.04547   
  234.89   
  259.90   
  0.9540   
  0.04122   
  234.18   
  258.91   
  0.9431   
   20   
  0.04658   
  237.95   
  263.57   
  0.9667   
  0.04227   
  237.29   
  262.65   
  0.9560   
   25   
  0.04768   
  241.01   
  267.23   
  0.9790   
  0.04330   
  240.39   
  266.37   
  0.9685   
   30   
  0.04875   
  244.07   
  270.88   
  0.9912   
  0.04431   
  243.49   
  270.07   
  0.9808   
   35   
  0.04982   
  247.13   
  274.53   
  1.0031   
  0.04530   
  246.58   
  273.76   
  0.9929   
   40   
  0.05086   
  250.20   
  278.17   
  1.0148   
  0.04628   
  249.68   
  277.45   
  1.0048   
   45   
  0.05190   
  253.27   
  281.82   
  1.0264   
  0.04724   
  252.78   
  281.13   
  1.0164   
   50   
  0.05293   
  256.36   
  285.47   
  1.0378   
  0.04820   
  255.90   
  284.82   
  1.0279   
   55   
  0.05394   
  259.46   
  289.13   
  1.0490   
  0.04914   
  259.02   
  288.51   
  1.0393   
   60   
  0.05495   
  262.58   
  292.80   
  1.0601   
  0.05008   
  262.15   
  292.20   
  1.0504      
