   Sat.   
  0.01124   
  239.51   
  261.98   
  0.8586   
  0.00907   
  240.22   
  261.99   
  0.8463   
   60   
  0.01212   
  247.20   
  271.43   
  0.8873   
  0.00913   
  240.78   
  262.68   
  0.8484   
   70   
  0.01300   
  255.35   
  281.36   
  0.9167   
  0.01006   
  250.30   
  274.43   
  0.8831   
   80   
  0.01381   
  263.12   
  290.74   
  0.9436   
  0.01085   
  258.89   
  284.93   
  0.9133   
   90   
  0.01457   
  270.67   
  299.80   
  0.9689   
  0.01156   
  267.01   
  294.75   
  0.9407   
   100   
  0.01528   
  278.09   
  308.65   
  0.9929   
  0.01222   
  274.85   
  304.18   
  0.9663   
   110   
  0.01596   
  285.44   
  317.37   
  1.0160   
  0.01284   
  282.53   
  313.35   
  0.9906   
   120   
  0.01663   
  292.76   
  326.01   
  1.0383   
  0.01343   
  290.11   
  322.35   
  1.0137   
   130   
  0.01727   
  300.08   
  334.61   
  1.0598   
  0.01400   
  297.64   
  331.25   
  1.0361   
   140   
  0.01789   
  307.40   
  343.19   
  1.0808   
  0.01456   
  305.14   
  340.08   
  1.0577   
   150   
  0.01850   
  314.75   
  351.76   
  1.1013   
  0.01509   
  312.64   
  348.87   
  1.0787   
   160   
  0.01910   
  322.14   
  360.34   
  1.1214   
  0.01562   
  320.16   
  357.64   
  1.0992   
   170   
  0.01969   
  329.56   
  368.95   
  1.1410   
  0.01613   
  327.70   
  366.41   
  1.1192   
   180   
  0.02027   
  337.03   
  377.58   
  1.1603   
  0.01663   
  335.27   
  375.20   
  1.1388
