Sat.   
  0.01440   
  238.00   
  261.04   
  0.8715   
  0.01265   
  238.86   
  261.64   
  0.8649   
   50   
  0.01533   
  244.66   
  269.18   
  0.8971   
  0.01301   
  241.72   
  265.14   
  0.8758   
   60   
  0.01634   
  252.29   
  278.43   
  0.9252   
  0.01401   
  249.86   
  275.09   
  0.9061   
   70   
  0.01728   
  259.65   
  287.30   
  0.9515   
  0.01492   
  257.57   
  284.43   
  0.9337   
   80   
  0.01817   
  266.86   
  295.93   
  0.9762   
  0.01576   
  265.04   
  293.40   
  0.9595   
   90   
  0.01901   
  274.00   
  304.42   
  0.9999   
  0.01655   
  272.37   
  302.16   
  0.9839   
   100   
  0.01983   
  281.09   
  312.82   
  1.0228   
  0.01731   
  279.62   
  310.77   
  1.0073   
   110   
  0.02062   
  288.18   
  321.17   
  1.0448   
  0.01804   
  286.83   
  319.30   
  1.0299   
   120   
  0.02139   
  295.28   
  329.51   
  1.0663   
  0.01874   
  294.04   
  327.78   
  1.0517   
   130   
  0.02214   
  302.41   
  337.84   
  1.0872   
  0.01943   
  301.26   
  336.24   
  1.0730   
   140   
  0.02288   
  309.58   
  346.19   
  1.1077   
  0.02011   
  308.50   
  344.70   
  1.0937   
   150   
  0.02361   
  316.79   
  354.56   
  1.1277   
  0.02077   
  315.78   
  353.17   
  1.1139   
   160   
  0.02432   
  324.05   
  362.97   
  1.1473   
  0.02142   
  323.10   
  361.66   
  1.1338   
   170   
  0.02503   
  331.37   
  371.42   
  1.1666   
  0.02207   
  330.47   
  370.19   
  1.1532      
