  Sat.   
  0.50559   
  204.13   
  224.36   
  1.0512   
  0.34656   
  207.14   
  227.93   
  1.0294   
2
55   
  0.51532   
  205.92   
  226.53   
  1.0612   
  0
  0
  0
  0    
2
50   
  0.52787   
  208.26   
  229.38   
  1.0741   
  0.34895   
  207.80   
  228.74   
  1.0330   
2
45   
  0.54037   
  210.63   
  232.24   
  1.0868   
  0.35747   
  210.20   
  231.65   
  1.0459   
2
40   
  0.55284   
  213.02   
  235.13   
  1.0993   
  0.36594   
  212.62   
  234.58   
  1.0586   
2
35   
  0.56526   
  215.43   
  238.05   
  1.1117   
  0.37437   
  215.06   
  237.52   
  1.0711   
2
30   
  0.57766   
  217.88   
  240.99   
  1.1239   
  0.38277   
  217.53   
  240.49   
  1.0835   
2
25   
  0.59002   
  220.35   
  243.95   
  1.1360   
  0.39114   
  220.02   
  243.49   
  1.0956   
2
20   
  0.60236   
  222.85   
  246.95   
  1.1479   
  0.39948   
  222.54   
  246.51   
  1.1077   
2
15   
  0.61468   
  225.38   
  249.97   
  1.1597   
  0.40779   
  225.08   
  249.55   
  1.1196   
2
10   
  0.62697   
  227.93   
  253.01   
  1.1714   
  0.41608   
  227.65   
  252.62   
  1.1314   
2
5   
  0.63925   
  230.52   
  256.09   
  1.1830   
  0.42436   
  230.25   
  255.71   
  1.1430   
   0   
  0.65151   
  233.13   
  259.19   
  1.1944   
  0.43261   
  232.88   
  258.83   
  1.1545   
