     Sat.   
  0.14721   
  214.77   
  236.86   
  0.9830   
  0.11232   
  217.42   
  239.88   
  0.9691   
2
30   
  0.14872   
  215.85   
  238.16   
  0.9883    
  0
  0
  0
  0   
2
25   
  0.15232   
  218.45   
  241.30   
  1.0011   
  0.11242   
  217.51   
  240.00   
  0.9696   
2
20   
  0.15588   
  221.07   
  244.45   
  1.0137   
  0.11520   
  220.19   
  243.23   
  0.9825   
2
15   
  0.15941   
  223.70   
  247.61   
  1.0260   
  0.11795   
  222.88   
  246.47   
  0.9952   
2
10   
  0.16292   
  226.35   
  250.78   
  1.0382   
  0.12067   
  225.58   
  249.72   
  1.0076   
2
5   
  0.16640   
  229.02   
  253.98   
  1.0502   
  0.12336   
  228.30   
  252.97   
  1.0199   
   0   
  0.16987   
  231.70   
  257.18   
  1.0621   
  0.12603   
  231.03   
  256.23   
  1.0310   
   5   
  0.17331   
  234.42   
  260.41   
  1.0738   
  0.12868   
  233.78   
  259.51   
  1.0438   
   10   
  0.17674   
  237.15   
  263.66   
  1.0854   
  0.13132   
  236.54   
  262.81   
  1.0555   
   15   
  0.18015   
  239.91   
  266.93   
  1.0968   
  0.13393   
  239.33   
  266.12   
  1.0671   
   20   
  0.18355   
  242.69   
  270.22   
  1.1081   
  0.13653   
  242.14   
  269.44 
1.0786   
   25   
  0.18693   
  245.49   
  273.53   
  1.1193   
  0.13912   
  244.97   
  272.79   
  1.0899   
