20   
  .9907   
  82.47   
  107.24   
  .2911   
  .9886   
  82.17   
  111.84   
  .2899   
40   
  .9971   
  164.60   
  189.52   
  .5626   
  .9951   
  164.04   
  193.89   
  .5607   
   100   
  1.0313   
  412.08   
  437.85   
  1.2881   
  1.0290   
  410.78   
  441.66   
  1.2844   
   200   
  1.1344   
  834.5   
  862.8   
  2.2961   
  1.1302   
  831.4   
  865.3   
  2.2893   
   300   
  1.3442   
  1296.6   
  1330.2   
  3.1900   
  1.3304   
  1287.9   
  1327.8   
  3.1741        
