   120.   
  324.8   
  1.5267   
  0.01426   
  1473.0   
  2513.7   
  1491.3   
  1193.6   
  2684.9   
  3.4962   
  5.4924   
  120.   
   130.   
  330.9   
  1.5671   
  0.01278   
  1511.1   
  2496.1   
  1531.5   
  1130.7   
  2662.2   
  3.5606   
  5.4323   
  130.   
   140.   
  336.8   
  1.6107   
  0.01149   
  1548.6   
  2476.8   
  1571.1   
  1066.5   
  2637.6   
  3.6232   
  5.3717   
  140.   
   150.   
  342.2   
  1.6581   
  0.01034   
  1585.6   
  2455.5   
  1610.5   
  1000.0   
  2610.5   
  3.6848   
  5.3098   
  150.   
   160.   
  347.4   
  1.7107   
  0.009306   
  1622.7   
  2431.7   
  1650.1   
  930.6   
  2580.6   
  3.7461   
  5.2455   
  160.   
   170.   
  352.4   
  1.7702   
  0.008364   
  1660.2   
  2405.0   
  1690.3   
  856.9   
  2547.2   
  3.8079   
  5.1777   
  170.   
   180.   
  357.1   
  1.8397   
  0.007489   
  1698.9   
  2374.3   
  1732.0   
  777.1   
  2509.1   
  3.8715   
  5.1044   
  180.   
   190.   
  361.5   
  1.9243   
  0.006657   
  1739.9   
  2338.1   
  1776.5   
  688.0   
  2464.5   
  3.9388   
  5.0228   
  190.   
   200.   
  365.8   
  2.036   
  0.005834   
  1785.6   
  2293.0   
  1826.3   
  583.4   
  2409.7   
  4.0139   
  4.9269   
  200.   
   220.9   
  374.1   
  3.155   
  0.003155   
  2029.6   
  2029.6   
  2099.3   
  0   
  2099.3   
  4.4298   
  4.4298   
  220.9       
