20   
  .9984   
  83.50   
  90.99   
  .2950   
  .9972   
  83.36   
  93.33   
  .2945   
40   
  1.0045   
  166.64   
  174.18   
  .5696   
  1.0034   
  166.35   
  176.38   
  .5686   
80   
  1.0256   
  333.15   
  340.84   
  1.0704   
  1.0245   
  332.59   
  342.83   
  1.0688   
   100   
  1.0397   
  416.81   
  424.62   
  1.3011   
  1.0385   
  416.12   
  426.50   
  1.2992   
   140   
  1.0752   
  585.72   
  593.78   
  1.7317   
  1.0737   
  584.68   
  595.42   
  1.7292   
   180   
  1.1219   
  758.13   
  766.55   
  2.1308   
  1.1199   
  756.65   
  767.84   
  2.1275   
   220   
  1.1835   
  936.2   
  945.1   
  2.5083   
  1.1805   
  934.1   
  945.9   
  2.5039   
   260   
  1.2696   
  1124.4   
  1134.0   
  2.8763   
  1.2645   
  1121.1   
  1133.7   
  2.8699   
   Sat.   
  1.3677   
  1282.0   
  1292.2   
  3.1649   
  1.4524   
  1393.0   
  1407.6   
  3.3596   
