   Sat.   
  1.159   
  2519.7   
  2693.6   
  7.2233   
  0.606   
  2543.6   
  2725.3   
  6.9919   
   120   
  1.188   
  2533.3   
  2711.4   
  7.2693   
   160   
  1.317   
  2595.2   
  2792.8   
  7.4665   
  0.651   
  2587.1   
  2782.3   
  7.1276   
   200   
  1.444   
  2656.2   
  2872.9   
  7.6433   
  0.716   
  2650.7   
  2865.5   
  7.3115   
   240   
  1.570   
  2717.2   
  2952.7   
  7.8052   
  0.781   
  2713.1   
  2947.3   
  7.4774   
   280   
  1.695   
  2778.6   
  3032.8   
  7.9555   
  0.844   
  2775.4   
  3028.6   
  7.6299   
   320   
  1.819   
  2840.6   
  3113.5   
  8.0964   
  0.907   
  2838.1   
  3110.1   
  7.7722   
   360   
  1.943   
  2903.5   
  3195.0   
  8.2293   
  0.969   
  2901.4   
  3192.2   
  7.9061   
   400   
  2.067   
  2967.3   
  3277.4   
  8.3555   
  1.032   
  2965.6   
  3275.0   
  8.0330   
   440   
  2.191   
  3032.1   
  3360.7   
  8.4757   
  1.094   
  3030.6   
  3358.7   
  8.1538   
   500   
  2.376   
  3131.2   
  3487.6   
  8.6466   
  1.187   
  3130.0   
  3486.0   
  8.3251   
   600   
  2.685   
  3301.7   
  3704.3   
  8.9101   
