   Sat.   
  0.0996   
  2600.3   
  2799.5   
  6.3409   
  0.0667   
  2604.1   
  2804.2   
  6.1869   
   240   
  0.1085   
  2659.6   
  2876.5   
  6.4952   
  0.0682   
  2619.7   
  2824.3   
  6.2265   
   280   
  0.1200   
  2736.4   
  2976.4   
  6.6828   
  0.0771   
  2709.9   
  2941.3   
  6.4462   
   320   
  0.1308   
  2807.9   
  3069.5   
  6.8452   
  0.0850   
  2788.4   
  3043.4   
  6.6245   
   360   
  0.1411   
  2877.0   
  3159.3   
  6.9917   
  0.0923   
  2861.7   
  3138.7   
  6.7801   
   400   
  0.1512   
  2945.2   
  3247.6   
  7.1271   
  0.0994   
  2932.8   
  3230.9   
  6.9212   
   440   
  0.1611   
  3013.4   
  3335.5   
  7.2540   
  0.1062   
  3002.9   
  3321.5   
  7.0520   
   500   
  0.1757   
  3116.2   
  3467.6   
  7.4317   
  0.1162   
  3108.0   
  3456.5   
  7.2338   
   540   
  0.1853   
  3185.6   
  3556.1   
  7.5434   
  0.1227   
  3178.4   
  3546.6   
  7.3474   
   600   
  0.1996   
  3290.9   
  3690.1   
  7.7024   
  0.1324   
  3285.0   
  3682.3   
  7.5085   
   640   
  0.2091   
  3362.2   
  3780.4   
  7.8035   
  0.1388   
  3357.0   
  3773.5   
  7.6106   
   700   
  0.2232   
  3470.9   
  3917.4   
  7.9487   
  0.1484   
  3466.5   
  3911.7   
  7.7571  
