   Sat.   
  0.1944   
  2583.6   
  2778.1   
  6.5865    
  0.1318   
  2594.5   
  2792.2   
  6.4448  
   200   
  0.2060   
  2621.9   
  2827.9   
  6.6940    
  0.1325   
  2598.1   
  2796.8   
  6.4546   
   240   
  0.2275   
  2692.9   
  2920.4   
  6.8817    
  0.1483   
  2676.9   
  2899.3   
  6.6628  
   280   
  0.2480   
  2760.2   
  3008.2   
  7.0465    
  0.1627   
  2748.6   
  2992.7   
  6.8381  
   320   
  0.2678   
  2826.1   
  3093.9   
  7.1962    
  0.1765   
  2817.1   
  3081.9   
  6.9938  
   360   
  0.2873   
  2891.6   
  3178.9   
  7.3349    
  0.1899   
  2884.4   
  3169.2   
  7.1363  
   400   
  0.3066   
  2957.3   
  3263.9   
  7.4651    
  0.2030   
  2951.3   
  3255.8   
  7.2690  
   440   
  0.3257   
  3023.6   
  3349.3   
  7.5883    
  0.2160   
  3018.5   
  3342.5   
  7.3940  
   500   
  0.3541   
  3124.4   
  3478.5   
  7.7622    
  0.2352   
  3120.3   
  3473.1   
  7.5698  
   540   
  0.3729   
  3192.6   
  3565.6   
  7.8720   
  0.2478   
  3189.1   
  3560.9   
  7.6805  
   600   
  0.4011   
  3296.8   
  3697.9   
  8.0290    
  0.2668   
  3293.9   
  3694.0   
  7.8385  
   640   
  0.4198   
  3367.4   
  3787.2   
  8.1290   
  0.2793   
  3364.8   
  3783.8   
  7.9391  
