   Sat.   
  23.739   
  2425.0   
  2567.4   
  8.3304   
  4.526   
  2473.0   
  2631.4   
  7.7158  
   80   
  27.132   
  2487.3   
  2650.1   
  8.5804   
  4.625   
  2483.7   
  2645.6   
  7.7564  
   120   
  30.219   
  2544.7   
  2726.0   
  8.7840   
  5.163   
  2542.4   
  2723.1   
  7.9644  
   160   
  33.302   
  2602.7   
  2802.5   
  8.9693   
  5.696   
  2601.2   
  2800.6   
  8.1519  
   200   
  36.383   
  2661.4   
  2879.7   
  9.1398   
  6.228   
  2660.4   
  2878.4   
  8.3237  
   240   
  39.462   
  2721.0   
  2957.8   
  9.2982   
  6.758   
  2720.3   
  2956.8   
  8.4828  
   280   
  42.540   
  2781.5   
  3036.8   
  9.4464   
  7.287   
  2780.9   
  3036.0   
  8.6314  
   320   
  45.618   
  2843.0   
  3116.7   
  9.5859   
  7.815   
  2842.5   
  3116.1   
  8.7712  
   360   
  48.696   
  2905.5   
  3197.7   
  9.7180   
  8.344   
  2905.1   
  3197.1   
  8.9034  
   400   
  51.774   
  2969.0   
  3279.6   
  9.8435   
  8.872   
  2968.6   
  3279.2   
  9.0291  
   440   
  54.851   
  3033.5   
  3362.6   
  9.9633   
  9.400   
  3033.2   
  3362.2   
  9.1490  
   500   
  59.467   
  3132.3   
  3489.1   
  10.1336   
