   Sat.   
  0.00583   
  2293.0   
  2409.7   
  4.9269   
  0
  0
  0
  0
   400   
  0.00994   
  2619.3   
  2818.1   
  5.5540   
  0.00673   
  2477.8   
  2639.4   
  5.2393   
   440   
  0.01222   
  2774.9   
  3019.4   
  5.8450   
  0.00929   
  2700.6   
  2923.4   
  5.6506   
   480   
  0.01399   
  2891.2   
  3170.8   
  6.0518   
  0.01100   
  2838.3   
  3102.3   
  5.8950   
   520   
  0.01551   
  2992.0   
  3302.2   
  6.2218   
  0.01241   
  2950.5   
  3248.5   
  6.0842   
   560   
  0.01689   
  3085.2   
  3423.0   
  6.3705   
  0.01366   
  3051.1   
  3379.0   
  6.2448   
   600   
  0.01818   
  3174.0   
  3537.6   
  6.5048   
  0.01481   
  3145.2   
  3500.7   
  6.3875   
   640   
  0.01940   
  3260.2   
  3648.1   
  6.6286   
  0.01588   
  3235.5   
  3616.7   
  6.5174   
   700   
  0.02113   
  3386.4   
  3809.0   
  6.7993   
  0.01739   
  3366.4   
  3783.8   
  6.6947   
   740   
  0.02224   
  3469.3   
  3914.1   
  6.9052   
  0.01835   
  3451.7   
  3892.1   
  6.8038   
   800   
  0.02385   
  3592.7   
  4069.7   
  7.0544   
  0.01974   
  3578.0   
  4051.6   
  6.9567   
