20   
  .9950   
  83.06   
  97.99   
  .2934   
  .9928   
  82.77   
  102.62   
  .2923   
40   
  1.0013   
  165.76   
  180.78   
  .5666   
  .9992   
  165.17   
  185.16   
  .5646   
80   
  1.0222   
  331.48   
  346.81   
  1.0656   
  1.0199   
  330.40   
  350.80   
  1.0624   
   100   
  1.0361   
  414.74   
  430.28   
  1.2955   
  1.0337   
  413.39   
  434.06   
  1.2917   
   140   
  1.0707   
  582.66   
  598.72   
  1.7242   
  1.0678   
  580.69   
  602.04   
  1.7193   
   180   
  1.1159   
  753.76   
  770.50   
  2.1210   
  1.1120   
  750.95   
  773.20   
  2.1147   
   220   
  1.1748   
  929.9   
  947.5   
  2.4953   
  1.1693   
  925.9   
  949.3   
  2.4870   
   260   
  1.2550   
  1114.6   
  1133.4   
  2.8576   
  1.2462   
  1108.6   
  1133.5   
  2.8459   
   300   
  1.3770   
  1316.6   
  1337.3   
  3.2260   
  1.3596   
  1306.1   
  1333.3   
  3.2071   
   Sat.   
  1.6581   
  1585.6   
  1610.5   
  3.6848   
  2.036   
  1785.6   
  1826.3   
  4.0139   
