195
1397.8
829.96
1959.99
2789.96
2.2835
4.1863
6.4697
200
1553.8
852.43
1940.75
2793.18
2.3308
4.1014
6.4322
205
1723.0
875.03
1921.00
2796.03
2.3779
4.0172
6.3951
210
1906.3
897.75
1900.73
2798.48
2.4247
3.9337
6.3584
215
2104.2
920.61
1879.91
2800.51
2.4713
3.8507
6.3221
220
2317.8
943.61
1858.51
2802.12
2.5177
3.7683
6.2860
225
2547.7
966.77
1836.50
2803.27
2.5639
3.6863
6.2502
230
2794.9
990.10
1813.85
2803.95
2.6099
3.6047
6.2146
235
3060.1
1013.61
1790.53
2804.13
2.6557
3.5233
6.1791
240
3344.2
1037.31
1766.50
2803.81
2.7015
3.4422
6.1436
245
3648.2
1061.21
1741.73
2802.95
2.7471
3.3612
6.1083
250
3973.0
1085.34
1716.18
2801.52
2.7927
3.2802
6.0729
255
4319.5
1109.72
1689.80
2799.51
2.8382
3.1992
6.0374
260
4688.6
1134.35
1662.54
2796.89
2.8837
3.1181
6.0018
265
5081.3
1159.27
1634.34
2793.61
2.9293
3.0368
5.9661
270
5498.7
1184.49
1605.16
2789.65
2.9750
2.9551
5.9301
275
5941.8
1210.05
1574.92
2784.97
3.0208
2.8730
5.8937
280
6411.7
1235.97
1543.55
2779.53
3.0667
2.7903
5.8570
285
6909.4
1262.29
1510.97
2773.27
3.1129
2.7069
5.8198
290
7436.0
1289.04
1477.08
2766.13
3.1593
2.6227
5.7821
295
7992.8
1316.27
1441.78
2758.05
3.2061
2.5375
5.7436
300
8581.0
1344.01
1404.93
2748.94
3.2533
2.4511
5.7044
305
9201.8
1372.33
1366.38
2738.72
3.3009
2.3633
5.6642
310
9856.6
1401.29
1325.97
2727.27
3.3492
2.2737
5.6229
315
10547
1430.97
1283.48
2714.44
3.3981
2.1821
5.5803
320
11274
1461.45
1238.64
2700.08
3.4479
2.0882
5.5361
325
12040
1492.84
1191.13
2683.97
3.4987
1.9913
5.4900
330
12845
1525.29
1140.56
2665.85
3.5506
1.8909
5.4416
335
13694
1558.98
1086.37
2645.35
3.6040
1.7863
5.3903
340
14586
1594.15
1027.86
2622.01
3.6593
1.6763
5.3356
345
15525
1631.17
964.02
2595.19
3.7169
1.5594
5.2763
350
16514
1670.54
893.38
2563.92
3.7776
1.4336
5.2111
355
17554
1713.13
813.59
2526.72
3.8427
1.2951
5.1378
360
18651
1760.48
720.52
2481.00
3.9146
1.1379
5.0525
365
19807
1815.96
605.44
2421.40
3.9983
0.9487
4.9470
370
21028
1890.37
441.75
2332.12
4.1104
0.6868
4.7972
374.1
22089
2099.26
0
2099.26
4.4297
0
4.4297
