   Sat.   
  0.3749   
  2561.2   
  2748.7   
  6.8213   
  0.2729   
  2572.5   
  2763.5   
  6.7080  
   180   
  0.4045   
  2609.7   
  2812.0   
  6.9656   
  0.2847   
  2599.8   
  2799.1   
  6.7880   
   200   
  0.4249   
  2642.9   
  2855.4   
  7.0592   
  0.2999   
  2634.8   
  2844.8   
  6.8865  
   240   
  0.4646   
  2707.6   
  2939.9   
  7.2307   
  0.3292   
  2701.8   
  2932.2   
  7.0641  
   280   
  0.5034   
  2771.2   
  3022.9   
  7.3865   
  0.3574   
  2766.9   
  3017.1   
  7.2233  
   320   
  0.5416   
  2834.7   
  3105.6   
  7.5308   
  0.3852   
  2831.3   
  3100.9   
  7.3697  
   360   
  0.5796   
  2898.7   
  3188.4   
  7.6660   
  0.4126   
  2895.8   
  3184.7   
  7.5063  
   400   
  0.6173   
  2963.2   
  3271.9   
  7.7938   
  0.4397   
  2960.9   
  3268.7   
  7.6350  
   440   
  0.6548   
  3028.6   
  3356.0   
  7.9152   
  0.4667   
  3026.6   
  3353.3   
  7.7571  
   500   
  0.7109   
  3128.4   
  3483.9   
  8.0873   
  0.5070   
  3126.8   
  3481.7   
  7.9299  
   600   
  0.8041   
  3299.6   
  3701.7   
  8.3522   
  0.5738   
  3298.5   
  3700.2   
  8.1956  
   700   
  0.8969   
  3477.5   
  3925.9   
  8.5952   
  0.6403   
  3476.6   
  3924.8   
  8.4391  
