   Sat.   
  0.01426   
  2513.7   
  2684.9   
  5.4924   
  0.01149   
  2476.8   
  2637.6   
  5.3717   
   360   
  0.01811   
  2678.4   
  2895.7   
  5.8361   
  0.01422   
  2617.4   
  2816.5   
  5.6602   
   400   
  0.02108   
  2798.3   
  3051.3   
  6.0747   
  0.01722   
  2760.9   
  3001.9   
  5.9448   
   440   
  0.02355   
  2896.1   
  3178.7   
  6.2586   
  0.01954   
  2868.6   
  3142.2   
  6.1474   
   480   
  0.02576   
  2984.4   
  3293.5   
  6.4154   
  0.02157   
  2962.5   
  3264.5   
  6.3143   
   520   
  0.02781   
  3068.0   
  3401.8   
  6.5555   
  0.02343   
  3049.8   
  3377.8   
  6.4610   
   560   
  0.02977   
  3149.0   
  3506.2   
  6.6840   
  0.02517   
  3133.6   
  3486.0   
  6.5941   
   600   
  0.03164   
  3228.7   
  3608.3   
  6.8037   
  0.02683   
  3215.4   
  3591.1   
  6.7172   
   640   
  0.03345   
  3307.5   
  3709.0   
  6.9164   
  0.02843   
  3296.0   
  3694.1   
  6.8326   
   700   
  0.03610   
  3425.2   
  3858.4   
  7.0749   
  0.03075   
  3415.7   
  3846.2   
  6.9939   
   740   
  0.03781   
  3503.7   
  3957.4   
  7.1746   
  0.03225   
  3495.2   
  3946.7   
  7.0952       
