   Sat.   
  2.365   
  2494.5   
  2660.0   
  7.4797    
  1.694   
  2506.1   
  2675.5   
  7.3594  
   100   
  2.434   
  2509.7   
  2680.0   
  7.5341    
  1.696   
  2506.7   
  2676.2   
  7.3614   
   120   
  2.571   
  2539.7   
  2719.6   
  7.6375    
  1.793   
  2537.3   
  2716.6   
  7.4668  
   160   
  2.841   
  2599.4   
  2798.2   
  7.8279    
  1.984   
  2597.8   
  2796.2   
  7.6597  
   200   
  3.108   
  2659.1   
  2876.7   
  8.0012    
  2.172   
  2658.1   
  2875.3   
  7.8343  
   240   
  3.374   
  2719.3   
  2955.5   
  8.1611    
  2.359   
  2718.5   
  2954.5   
  7.9949  
   280   
  3.640   
  2780.2   
  3035.0   
  8.3162    
  2.546   
  2779.6   
  3034.2   
  8.1445  
   320   
  3.905   
  2842.0   
  3115.3   
  8.4504    
  2.732   
  2841.5   
  3114.6   
  8.2849  
   360   
  4.170   
  2904.6   
  3196.5   
  8.5828    
  2.917   
  2904.2   
  3195.9   
  8.4175  
   400   
  4.434   
  2968.2   
  3278.6   
  8.7086    
  3.103   
  2967.9   
  3278.2   
  8.5435  
   440   
  4.698   
  3032.9   
  3361.8   
  8.8286    
  3.288   
  3032.6   
  3361.4   
  8.6636  
   500   
  5.095   
  3131.8   
  3488.5   
  8.9991    
  3.565   
  3131.6   
  3488.1   
  8.8342  
