0.01
0.6113
0.00
2501.35
2501.35
0
9.1562
9.1562
5
0.8721
20.98
2489.57
2510.54
0.0761
8.9496
9.0257
10
1.2276
41.99
2477.75
2519.74
0.1510
8.7498
8.9007
15
1.705
62.98
2465.93
2528.91
0.2245
8.5569
8.7813
20
2.339
83.94
2454.12
2538.06
0.2966
8.3706
8.6671
25
3.169
104.87
2442.30
2547.17
0.3673
8.1905
8.5579
30
4.246
125.77
2430.48
2556.25
0.4369
8.0164
8.4533
35
5.628
146.66
2418.62
2565.28
0.5052
7.8478
8.3530
40
7.384
167.54
2406.72
2574.26
0.5724
7.6845
8.2569
45
9.593
188.42
2394.77
2583.19
0.6386
7.5261
8.1647
50
12.350
209.31
2382.75
2592.06
0.7037
7.3725
8.0762
55
15.758
230.20
2370.66
2600.86
0.7679
7.2234
7.9912
60
19.941
251.11
2358.48
2609.59
0.8311
7.0784
7.9095
65
25.03
272.03
2346.21
2618.24
0.8934
6.9375
7.8309
70
31.19
292.96
2333.85
2626.80
0.9548
6.8004
7.7552
75
38.58
313.91
2321.37
2635.28
1.0154
6.6670
7.6824
80
47.39
334.88
2308.77
2643.66
1.0752
6.5369
7.6121
85
57.83
355.88
2296.05
2651.93
1.1342
6.4102
7.5444
90
70.14
376.90
2283.19
2660.09
1.1924
6.2866
7.4790
95
84.55
397.94
2270.19
2668.13
1.2500
6.1659
7.4158
100
101.3
419.02
2257.03
2676.05
1.3068
6.0480
7.3548
105
120.8
440.13
2243.70
2683.83
1.3629
5.9328
7.2958
110
143.3
461.27
2230.20
2691.47
1.4184
5.8202
7.2386
115
169.1
482.46
2216.50
2698.96
1.4733
5.7100
7.1832
120
198.5
503.69
2202.61
2706.30
1.5275
5.6020
7.1295
125
232.1
524.96
2188.50
2713.46
1.5812
5.4962
7.0774
130
270.1
546.29
2174.16
2720.46
1.6343
5.3925
7.0269
135
313.0
567.67
2159.59
2727.26
1.6869
5.2907
6.9777
140
361.3
589.11
2144.75
2733.87
1.7390
5.1908
6.9298
145
415.4
610.61
2129.65
2740.26
1.7906
5.0926
6.8832
150
475.9
632.18
2114.26
2746.44
1.8417
4.9960
6.8378
155
543.1
653.82
2098.56
2752.39
1.8924
4.9010
6.7934
160
617.8
675.53
2082.55
2758.09
1.9426
4.8075
6.7501
165
700.5
697.32
2066.20
2763.53
1.9924
4.7153
6.7078
170
791.7
719.20
2049.50
2768.70
2.0418
4.6244
6.6663
175
892.0
741.16
2032.42
2773.58
2.0909
4.5347
6.6256
180
1002.2
763.21
2014.96
2778.16
2.1395
4.4461
6.5857
185
1122.7
785.36
1997.07
2782.43
2.1878
4.3586
6.5464
190
1254.4
807.61
1978.76
2786.37
2.2358
4.2720
6.5078
