   400   
  0.00383   
  2223.5   
  2330.7   
  4.7494   
  0.00236   
  1980.4   
  2055.9   
  4.3239   
   440   
  0.00712   
  2613.2   
  2812.6   
  5.4494   
  0.00544   
  2509.0   
  2683.0   
  5.2327   
   480   
  0.00885   
  2780.8   
  3028.5   
  5.7446   
  0.00722   
  2718.1   
  2949.2   
  5.5968   
   520   
  0.01020   
  2906.8   
  3192.3   
  5.9566   
  0.00853   
  2860.7   
  3133.7   
  5.8357   
   560   
  0.01136   
  3015.7   
  3333.7   
  6.1307   
  0.00963   
  2979.0   
  3287.2   
  6.0246   
   600   
  0.01241   
  3115.6   
  3463.0   
  6.2823   
  0.01061   
  3085.3   
  3424.6   
  6.1858   
   640   
  0.01338   
  3210.3   
  3584.8   
  6.4187   
  0.01150   
  3184.5   
  3552.5   
  6.3290   
   700   
  0.01473   
  3346.1   
  3758.4   
  6.6029   
  0.01273   
  3325.4   
  3732.8   
  6.5203   
   740   
  0.01558   
  3433.9   
  3870.0   
  6.7153   
  0.01350   
  3415.9   
  3847.8   
  6.6361   
   800   
  0.01680   
  3563.1   
  4033.4   
  6.8720   
  0.01460   
  3548.0   
  4015.1   
  6.7966   
   900   
  0.01873   
  3774.3   
  4298.8   
  7.1084   
  0.01633   
  3762.7   
  4285.1   
  7.0372        
