   Sat.   
  0.02352   
  2569.8   
  2758.0   
  5.7432    
  0.01803   
  2544.4   
  2724.7   
  5.6141  
   320   
  0.02682   
  2662.7   
  2877.2   
  5.9489    
  0.01925   
  2588.8   
  2781.3   
  5.7103   
   360   
  0.03089   
  2772.7   
  3019.8   
  6.1819    
  0.02331   
  2729.1   
  2962.1   
  6.0060  
   400   
  0.03432   
  2863.8   
  3138.3   
  6.3634    
  0.02641   
  2832.4   
  3096.5   
  6.2120  
   440   
  0.03742   
  2946.7   
  3246.1   
  6.5190    
  0.02911   
  2922.1   
  3213.2   
  6.3805  
   480   
  0.04034   
  3025.7   
  3348.4   
  6.6586    
  0.03160   
  3005.4   
  3321.4   
  6.5282  
   520   
  0.04313   
  3102.7   
  3447.7   
  6.7871    
  0.03394   
  3085.6   
  3425.1   
  6.6622  
   560   
  0.04582   
  3178.7   
  3545.3   
  6.9072    
  0.03619   
  3164.1   
  3526.0   
  6.7864  
   600   
  0.04845   
  3254.4   
  3642.0   
  7.0206    
  0.03837   
  3241.7   
  3625.3   
  6.9029  
   640   
  0.05102   
  3330.1   
  3738.3   
  7.1283    
  0.04048   
  3318.9   
  3723.7   
  7.0131  
   700   
  0.05481   
  3443.9   
  3882.4   
  7.2812    
  0.04358   
  3434.7   
  3870.5   
  7.1687  
   740   
  0.05729   
  3520.4   
  3978.7   
  7.3782    
  0.04560   
  3512.1   
  3968.1   
  7.2670  
