Sat.   
  0.04978   
  2602.3   
  2801.4   
  6.0701   
  0.03244   
  2589.7   
  2784.3   
  5.8892  
   280   
  0.05546   
  2680.0   
  2901.8   
  6.2568   
  0.03317   
  2605.2   
  2804.2   
  5.9252   
   320   
  0.06199   
  2767.4   
  3015.4   
  6.4553   
  0.03876   
  2720.0   
  2952.6   
  6.1846  
   360   
  0.06788   
  2845.7   
  3117.2   
  6.6215   
  0.04331   
  2811.2   
  3071.1   
  6.3782  
   400   
  0.07341   
  2919.9   
  3213.6   
  6.7690   
  0.04739   
  2892.9   
  3177.2   
  6.5408  
   440   
  0.07872   
  2992.2   
  3307.1   
  6.9041   
  0.05122   
  2970.0   
  3277.3   
  6.6853  
   500   
  0.08643   
  3099.5   
  3445.3   
  7.0901   
  0.05665   
  3082.2   
  3422.2   
  6.8803  
   540   
  0.09145   
  3171.1   
  3536.9   
  7.2056   
  0.06015   
  3156.1   
  3517.0   
  6.9999  
   600   
  0.09885   
  3279.1   
  3674.4   
  7.3688   
  0.06525   
  3266.9   
  3658.4   
  7.1677  
   640   
  0.1037   
  3351.8   
  3766.6   
  7.4720   
  0.06859   
  3341.0   
  3752.6   
  7.2731  
   700   
  0.1110   
  3462.1   
  3905.9   
  7.6198   
  0.07352   
  3453.1   
  3894.1   
  7.4234  
   740   
  0.1157   
  3536.6   
  3999.6   
  7.7141   
  0.07677   
  3528.3   
  3989.2   
  7.5190  
