   Sat.   
  0.00931   
  2431.7   
  2580.6   
  5.2455   
  0.00749   
  2374.3   
  2509.1   
  5.1044   
   360   
  0.01105   
  2539.0   
  2715.8   
  5.4614   
  0.00809   
  2418.9   
  2564.5   
  5.1922   
   400   
  0.01426   
  2719.4   
  2947.6   
  5.8175   
  0.01190   
  2672.8   
  2887.0   
  5.6887   
   440   
  0.01652   
  2839.4   
  3103.7   
  6.0429   
  0.01414   
  2808.2   
  3062.8   
  5.9428   
   480   
  0.01842   
  2939.7   
  3234.4   
  6.2215   
  0.01596   
  2915.9   
  3203.2   
  6.1345   
   520   
  0.02013   
  3031.1   
  3353.3   
  6.3752   
  0.01757   
  3011.8   
  3378.0   
  6.2960   
   560   
  0.02172   
  3117.8   
  3465.4   
  6.5132   
  0.01904   
  3101.7   
  3444.4   
  6.4392   
   600   
  0.02323   
  3201.8   
  3573.5   
  6.6399   
  0.02042   
  3188.0   
  3555.6   
  6.5696   
   640   
  0.02467   
  3284.2   
  3678.9   
  6.7580   
  0.02174   
  3272.3   
  3663.6   
  6.6905   
   700   
  0.02674   
  3406.0   
  3833.9   
  6.9224   
  0.02362   
  3396.3   
  3821.5   
  6.8580   
   740   
  0.02808   
  3486.7   
  3935.9   
  7.0251   
  0.02483   
  3478.0   
  3925.0   
  6.9623   
